195 22 -1 113 -1 133 -1 4 -1 53 -1 46 -1 132 -1 -2 
195 4 -1 46 -1 113 -1 -2 
191 48 -1 113 -1 175 -1 180 -1 26 -1 144 -1 132 -1 -2 
195 5 -1 46 -1 113 -1 133 -1 -2 
195 113 -1 11 -1 26 -1 17 -1 4 -1 10 -1 8 -1 6 -1 22 -1 53 -1 46 -1 8 -1 4 -1 -2 
199 8 -1 110 -1 139 -1 35 -1 78 -1 69 -1 -2 
199 5 -1 110 -1 41 -1 143 -1 8 -1 17 -1 139 -1 10 -1 2 -1 35 -1 28 -1 -2 
210 110 -1 78 -1 184 -1 162 -1 180 -1 190 -1 -2 
218 110 -1 139 -1 120 -1 17 -1 -2 
195 113 -1 22 -1 4 -1 26 -1 143 -1 53 -1 46 -1 -2 
195 53 -1 113 -1 133 -1 17 -1 46 -1 9 -1 28 -1 -2 
195 113 -1 4 -1 46 -1 9 -1 28 -1 -2 
218 110 -1 26 -1 139 -1 5 -1 17 -1 8 -1 -2 
218 110 -1 139 -1 4 -1 8 -1 -2 
218 110 -1 17 -1 143 -1 4 -1 139 -1 -2 
209 5 -1 4 -1 117 -1 143 -1 9 -1 26 -1 110 -1 139 -1 -2 
195 113 -1 133 -1 17 -1 11 -1 26 -1 53 -1 18 -1 46 -1 17 -1 -2 
199 22 -1 110 -1 139 -1 17 -1 8 -1 10 -1 2 -1 8 -1 1 -1 -2 
199 110 -1 139 -1 8 -1 17 -1 11 -1 1 -1 120 -1 120 -1 -2 
195 113 -1 8 -1 22 -1 53 -1 46 -1 -2 
191 26 -1 48 -1 17 -1 143 -1 10 -1 137 -1 2 -1 19 -1 17 -1 189 -1 14 -1 17 -1 143 -1 132 -1 136 -1 10 -1 132 -1 17 -1 136 -1 8 -1 132 -1 14 -1 17 -1 27 -1 11 -1 -2 
195 22 -1 113 -1 8 -1 53 -1 17 -1 5 -1 10 -1 46 -1 132 -1 -2 
191 48 -1 17 -1 10 -1 11 -1 17 -1 10 -1 17 -1 11 -1 132 -1 -2 
209 110 -1 5 -1 23 -1 22 -1 -2 
191 11 -1 46 -1 144 -1 132 -1 -2 
210 110 -1 17 -1 73 -1 11 -1 4 -1 139 -1 8 -1 -2 
191 46 -1 114 -1 11 -1 19 -1 9 -1 132 -1 -2 
209 14 -1 23 -1 35 -1 88 -1 111 -1 120 -1 149 -1 179 -1 145 -1 -2 
199 1 -1 17 -1 22 -1 110 -1 139 -1 10 -1 -2 
195 17 -1 113 -1 120 -1 13 -1 18 -1 120 -1 53 -1 17 -1 47 -1 11 -1 -2 
209 110 -1 139 -1 9 -1 -2 
191 48 -1 133 -1 20 -1 144 -1 8 -1 2 -1 8 -1 -2 
191 10 -1 19 -1 48 -1 17 -1 11 -1 144 -1 132 -1 -2 
195 113 -1 133 -1 146 -1 -2 
195 46 -1 113 -1 4 -1 9 -1 114 -1 132 -1 -2 
195 113 -1 135 -1 11 -1 4 -1 46 -1 133 -1 9 -1 35 -1 28 -1 -2 
209 111 -1 -2 
209 110 -1 -2 
191 48 -1 18 -1 -2 
191 48 -1 17 -1 10 -1 18 -1 143 -1 -2 
191 114 -1 26 -1 20 -1 -2 
199 110 -1 35 -1 -2 
199 10 -1 110 -1 139 -1 1 -1 27 -1 35 -1 28 -1 -2 
191 46 -1 133 -1 17 -1 13 -1 8 -1 132 -1 -2 
191 47 -1 13 -1 8 -1 -2 
209 111 -1 118 -1 27 -1 144 -1 -2 
191 48 -1 172 -1 181 -1 8 -1 144 -1 17 -1 -2 
191 47 -1 172 -1 141 -1 1 -1 -2 
199 110 -1 8 -1 35 -1 78 -1 28 -1 -2 
195 113 -1 11 -1 2 -1 53 -1 48 -1 153 -1 184 -1 143 -1 132 -1 184 -1 143 -1 46 -1 133 -1 -2 
191 48 -1 153 -1 184 -1 143 -1 132 -1 143 -1 -2 
195 113 -1 17 -1 4 -1 11 -1 53 -1 132 -1 46 -1 135 -1 -2 
195 113 -1 46 -1 4 -1 11 -1 133 -1 2 -1 -2 
195 133 -1 11 -1 4 -1 46 -1 79 -1 18 -1 -2 
199 110 -1 139 -1 44 -1 17 -1 41 -1 -2 
199 139 -1 41 -1 17 -1 11 -1 35 -1 28 -1 -2 
195 10 -1 46 -1 47 -1 133 -1 18 -1 27 -1 9 -1 132 -1 144 -1 -2 
195 4 -1 46 -1 22 -1 133 -1 9 -1 47 -1 -2 
199 17 -1 10 -1 1 -1 35 -1 28 -1 -2 
195 115 -1 46 -1 2 -1 -2 
209 2 -1 -2 
191 47 -1 23 -1 -2 
191 46 -1 9 -1 -2 
209 132 -1 -2 
191 46 -1 -2 
191 26 -1 47 -1 133 -1 8 -1 173 -1 2 -1 146 -1 19 -1 9 -1 -2 
191 48 -1 133 -1 19 -1 144 -1 8 -1 -2 
191 48 -1 132 -1 -2 
195 4 -1 46 -1 -2 
209 110 -1 143 -1 -2 
199 20 -1 27 -1 -2 
210 27 -1 17 -1 -2 
199 -2 
195 46 -1 143 -1 -2 
195 46 -1 113 -1 147 -1 150 -1 -2 
195 -2 
209 -2 
199 110 -1 15 -1 18 -1 120 -1 35 -1 17 -1 -2 
199 120 -1 35 -1 41 -1 153 -1 17 -1 75 -1 15 -1 27 -1 36 -1 -2 
199 20 -1 15 -1 27 -1 35 -1 10 -1 28 -1 -2 
199 35 -1 22 -1 36 -1 35 -1 108 -1 17 -1 10 -1 28 -1 -2 
209 17 -1 110 -1 139 -1 -2 
195 17 -1 113 -1 133 -1 26 -1 36 -1 47 -1 20 -1 13 -1 -2 
195 113 -1 133 -1 147 -1 17 -1 15 -1 47 -1 -2 
209 111 -1 163 -1 184 -1 147 -1 -2 
210 110 -1 26 -1 143 -1 120 -1 11 -1 18 -1 28 -1 139 -1 -2 
209 26 -1 139 -1 23 -1 143 -1 -2 
199 17 -1 110 -1 139 -1 35 -1 143 -1 132 -1 143 -1 139 -1 -2 
199 111 -1 47 -1 168 -1 -2 
209 110 -1 139 -1 -2 
209 114 -1 35 -1 139 -1 17 -1 144 -1 -2 
191 47 -1 168 -1 179 -1 174 -1 -2 
199 8 -1 26 -1 -2 
195 113 -1 133 -1 149 -1 168 -1 26 -1 17 -1 35 -1 143 -1 145 -1 14 -1 17 -1 13 -1 31 -1 53 -1 47 -1 -2 
191 47 -1 -2 
209 114 -1 139 -1 -2 
209 110 -1 139 -1 -2 
209 139 -1 -2 
209 110 -1 139 -1 -2 
199 110 -1 121 -1 139 -1 22 -1 35 -1 2 -1 31 -1 29 -1 -2 
199 110 -1 8 -1 20 -1 139 -1 35 -1 1 -1 29 -1 121 -1 36 -1 132 -1 143 -1 -2 
209 110 -1 139 -1 143 -1 132 -1 26 -1 144 -1 125 -1 -2 
191 47 -1 133 -1 113 -1 -2 
209 110 -1 139 -1 163 -1 20 -1 -2 
191 47 -1 113 -1 145 -1 143 -1 132 -1 -2 
209 -2 
191 47 -1 174 -1 14 -1 143 -1 -2 
209 114 -1 143 -1 117 -1 139 -1 110 -1 -2 
209 110 -1 -2 
209 26 -1 110 -1 139 -1 -2 
209 114 -1 -2 
191 46 -1 14 -1 144 -1 150 -1 143 -1 -2 
209 110 -1 -2 
191 9 -1 168 -1 133 -1 46 -1 145 -1 29 -1 113 -1 36 -1 -2 
209 110 -1 139 -1 -2 
191 46 -1 111 -1 36 -1 143 -1 18 -1 132 -1 118 -1 -2 
209 22 -1 110 -1 -2 
195 113 -1 133 -1 11 -1 47 -1 18 -1 26 -1 132 -1 8 -1 121 -1 143 -1 4 -1 9 -1 149 -1 22 -1 146 -1 20 -1 65 -1 63 -1 149 -1 66 -1 17 -1 11 -1 -2 
195 113 -1 133 -1 23 -1 -2 
199 110 -1 139 -1 35 -1 31 -1 163 -1 36 -1 143 -1 -2 
209 8 -1 -2 
199 35 -1 184 -1 133 -1 145 -1 163 -1 31 -1 121 -1 36 -1 150 -1 143 -1 190 -1 168 -1 -2 
191 46 -1 8 -1 31 -1 36 -1 -2 
209 112 -1 -2 
199 143 -1 35 -1 8 -1 139 -1 13 -1 19 -1 -2 
199 35 -1 143 -1 132 -1 143 -1 139 -1 8 -1 -2 
209 -2 
209 110 -1 143 -1 132 -1 78 -1 -2 
210 146 -1 184 -1 150 -1 190 -1 -2 
209 -2 
210 122 -1 -2 
210 -2 
210 112 -1 -2 
210 110 -1 139 -1 26 -1 149 -1 143 -1 -2 
210 8 -1 -2 
210 -2 
199 8 -1 17 -1 26 -1 78 -1 139 -1 73 -1 35 -1 36 -1 79 -1 -2 
195 113 -1 133 -1 28 -1 146 -1 11 -1 18 -1 121 -1 132 -1 136 -1 17 -1 46 -1 -2 
199 17 -1 35 -1 78 -1 28 -1 46 -1 11 -1 69 -1 -2 
199 110 -1 20 -1 139 -1 17 -1 8 -1 27 -1 35 -1 78 -1 46 -1 11 -1 69 -1 5 -1 28 -1 -2 
199 110 -1 17 -1 8 -1 35 -1 47 -1 11 -1 5 -1 28 -1 -2 
199 110 -1 139 -1 35 -1 78 -1 108 -1 119 -1 94 -1 68 -1 18 -1 123 -1 79 -1 108 -1 78 -1 17 -1 67 -1 105 -1 171 -1 -2 
209 17 -1 112 -1 11 -1 120 -1 153 -1 17 -1 14 -1 117 -1 143 -1 110 -1 -2 
209 17 -1 26 -1 110 -1 146 -1 11 -1 23 -1 98 -1 17 -1 14 -1 -2 
209 112 -1 146 -1 17 -1 108 -1 171 -1 35 -1 120 -1 11 -1 17 -1 14 -1 -2 
195 113 -1 133 -1 47 -1 72 -1 -2 
195 113 -1 146 -1 133 -1 28 -1 143 -1 -2 
195 113 -1 -2 
191 48 -1 167 -1 30 -1 146 -1 13 -1 143 -1 17 -1 35 -1 28 -1 139 -1 10 -1 17 -1 -2 
195 8 -1 113 -1 133 -1 13 -1 1 -1 132 -1 -2 
210 8 -1 35 -1 110 -1 119 -1 -2 
210 110 -1 -2 
210 8 -1 35 -1 110 -1 119 -1 143 -1 -2 
218 110 -1 119 -1 41 -1 -2 
210 110 -1 139 -1 35 -1 125 -1 -2 
195 133 -1 145 -1 53 -1 46 -1 -2 
195 113 -1 133 -1 145 -1 46 -1 -2 
218 8 -1 110 -1 143 -1 35 -1 139 -1 119 -1 144 -1 -2 
210 139 -1 -2 
209 110 -1 -2 
210 110 -1 -2 
209 124 -1 133 -1 1 -1 139 -1 114 -1 -2 
195 113 -1 146 -1 28 -1 123 -1 4 -1 13 -1 132 -1 133 -1 -2 
195 113 -1 -2 
195 113 -1 -2 
191 46 -1 18 -1 120 -1 -2 
195 47 -1 115 -1 108 -1 96 -1 150 -1 109 -1 -2 
191 113 -1 149 -1 146 -1 120 -1 -2 
209 4 -1 28 -1 110 -1 36 -1 117 -1 120 -1 143 -1 111 -1 26 -1 8 -1 139 -1 -2 
191 48 -1 170 -1 143 -1 132 -1 -2 
209 4 -1 143 -1 9 -1 26 -1 139 -1 189 -1 17 -1 14 -1 120 -1 35 -1 30 -1 -2 
191 48 -1 13 -1 35 -1 143 -1 132 -1 -2 
210 8 -1 110 -1 139 -1 35 -1 143 -1 149 -1 1 -1 29 -1 189 -1 120 -1 146 -1 168 -1 184 -1 133 -1 17 -1 14 -1 8 -1 35 -1 163 -1 5 -1 30 -1 143 -1 -2 
191 46 -1 15 -1 18 -1 132 -1 -2 
209 110 -1 35 -1 144 -1 17 -1 120 -1 132 -1 -2 
209 36 -1 123 -1 139 -1 -2 
209 26 -1 9 -1 36 -1 110 -1 139 -1 123 -1 17 -1 14 -1 -2 
209 110 -1 9 -1 35 -1 149 -1 143 -1 139 -1 143 -1 -2 
209 119 -1 136 -1 -2 
191 15 -1 46 -1 2 -1 113 -1 -2 
191 -2 
191 46 -1 145 -1 113 -1 -2 
191 46 -1 144 -1 118 -1 150 -1 180 -1 36 -1 -2 
195 8 -1 35 -1 113 -1 133 -1 14 -1 28 -1 47 -1 146 -1 4 -1 8 -1 2 -1 54 -1 -2 
195 46 -1 113 -1 9 -1 35 -1 28 -1 78 -1 71 -1 -2 
209 110 -1 132 -1 143 -1 118 -1 -2 
209 104 -1 24 -1 -2 
210 -2 
209 26 -1 124 -1 24 -1 -2 
210 45 -1 120 -1 180 -1 9 -1 -2 
210 110 -1 123 -1 189 -1 143 -1 163 -1 184 -1 -2 
210 124 -1 143 -1 179 -1 26 -1 189 -1 163 -1 184 -1 -2 
199 1 -1 -2 
199 17 -1 163 -1 1 -1 -2 
195 145 -1 171 -1 9 -1 36 -1 150 -1 -2 
195 113 -1 133 -1 145 -1 1 -1 53 -1 171 -1 8 -1 47 -1 54 -1 150 -1 144 -1 -2 
210 110 -1 4 -1 41 -1 8 -1 -2 
210 110 -1 4 -1 9 -1 -2 
209 110 -1 139 -1 9 -1 -2 
210 110 -1 4 -1 143 -1 139 -1 8 -1 -2 
210 139 -1 143 -1 132 -1 143 -1 -2 
210 -2 
210 78 -1 35 -1 28 -1 70 -1 143 -1 132 -1 -2 
210 139 -1 78 -1 -2 
191 17 -1 146 -1 48 -1 113 -1 13 -1 118 -1 150 -1 17 -1 11 -1 18 -1 -2 
191 173 -1 17 -1 168 -1 10 -1 17 -1 144 -1 118 -1 150 -1 -2 
209 110 -1 -2 
191 48 -1 17 -1 144 -1 179 -1 10 -1 168 -1 17 -1 27 -1 13 -1 150 -1 -2 
191 47 -1 17 -1 10 -1 -2 
191 50 -1 114 -1 17 -1 10 -1 -2 
191 17 -1 48 -1 113 -1 171 -1 13 -1 17 -1 118 -1 27 -1 150 -1 10 -1 144 -1 17 -1 -2 
191 48 -1 18 -1 26 -1 17 -1 -2 
191 48 -1 173 -1 27 -1 144 -1 150 -1 118 -1 180 -1 -2 
209 110 -1 143 -1 26 -1 139 -1 35 -1 11 -1 173 -1 17 -1 36 -1 -2 
209 110 -1 139 -1 153 -1 183 -1 22 -1 190 -1 4 -1 9 -1 173 -1 127 -1 -2 
191 46 -1 173 -1 113 -1 144 -1 118 -1 150 -1 -2 
191 53 -1 46 -1 78 -1 8 -1 17 -1 69 -1 -2 
191 46 -1 113 -1 133 -1 9 -1 -2 
191 46 -1 -2 
209 110 -1 179 -1 26 -1 139 -1 144 -1 78 -1 164 -1 108 -1 180 -1 -2 
209 110 -1 139 -1 -2 
209 110 -1 4 -1 139 -1 -2 
209 120 -1 -2 
209 28 -1 143 -1 4 -1 18 -1 132 -1 144 -1 143 -1 139 -1 -2 
195 113 -1 8 -1 13 -1 26 -1 143 -1 18 -1 35 -1 133 -1 78 -1 28 -1 181 -1 69 -1 1 -1 79 -1 27 -1 9 -1 36 -1 143 -1 -2 
209 110 -1 4 -1 9 -1 143 -1 120 -1 139 -1 26 -1 8 -1 -2 
209 4 -1 143 -1 26 -1 139 -1 -2 
209 22 -1 9 -1 -2 
209 120 -1 143 -1 164 -1 139 -1 -2 
209 110 -1 15 -1 143 -1 3 -1 132 -1 18 -1 144 -1 8 -1 143 -1 4 -1 35 -1 139 -1 -2 
203 4 -1 110 -1 143 -1 78 -1 53 -1 46 -1 139 -1 54 -1 -2 
195 8 -1 113 -1 143 -1 35 -1 132 -1 143 -1 28 -1 4 -1 26 -1 22 -1 143 -1 53 -1 133 -1 46 -1 54 -1 9 -1 36 -1 143 -1 132 -1 -2 
195 113 -1 9 -1 26 -1 53 -1 46 -1 78 -1 143 -1 133 -1 35 -1 28 -1 54 -1 -2 
195 143 -1 113 -1 133 -1 -2 
209 110 -1 139 -1 -2 
195 8 -1 53 -1 117 -1 133 -1 50 -1 4 -1 -2 
210 17 -1 110 -1 22 -1 44 -1 139 -1 41 -1 9 -1 8 -1 2 -1 143 -1 -2 
195 8 -1 35 -1 113 -1 133 -1 179 -1 151 -1 -2 
210 9 -1 14 -1 26 -1 41 -1 139 -1 -2 
195 113 -1 53 -1 17 -1 4 -1 46 -1 14 -1 54 -1 9 -1 -2 
195 46 -1 179 -1 -2 
195 46 -1 17 -1 26 -1 10 -1 -2 
195 48 -1 17 -1 108 -1 105 -1 14 -1 18 -1 46 -1 -2 
203 139 -1 -2 
203 110 -1 4 -1 28 -1 48 -1 139 -1 27 -1 143 -1 -2 
203 110 -1 143 -1 139 -1 35 -1 28 -1 48 -1 17 -1 -2 
203 48 -1 139 -1 -2 
203 9 -1 110 -1 26 -1 179 -1 139 -1 171 -1 48 -1 180 -1 8 -1 144 -1 118 -1 -2 
195 48 -1 180 -1 8 -1 144 -1 -2 
203 9 -1 35 -1 143 -1 117 -1 17 -1 110 -1 15 -1 -2 
203 110 -1 143 -1 120 -1 17 -1 139 -1 10 -1 18 -1 143 -1 46 -1 -2 
195 46 -1 -2 
203 22 -1 78 -1 143 -1 139 -1 26 -1 35 -1 -2 
195 26 -1 48 -1 21 -1 35 -1 28 -1 -2 
195 46 -1 35 -1 78 -1 179 -1 -2 
195 46 -1 28 -1 -2 
209 110 -1 139 -1 120 -1 -2 
195 8 -1 113 -1 133 -1 -2 
195 46 -1 -2 
195 46 -1 78 -1 -2 
195 46 -1 35 -1 -2 
195 46 -1 1 -1 17 -1 35 -1 28 -1 78 -1 14 -1 69 -1 -2 
195 46 -1 -2 
195 46 -1 28 -1 -2 
195 110 -1 11 -1 78 -1 143 -1 139 -1 17 -1 10 -1 18 -1 -2 
195 46 -1 143 -1 17 -1 110 -1 36 -1 26 -1 139 -1 164 -1 -2 
195 48 -1 143 -1 53 -1 46 -1 -2 
195 46 -1 28 -1 144 -1 111 -1 117 -1 35 -1 121 -1 143 -1 139 -1 78 -1 -2 
195 46 -1 22 -1 -2 
195 28 -1 143 -1 132 -1 -2 
195 46 -1 4 -1 28 -1 143 -1 -2 
203 19 -1 117 -1 143 -1 27 -1 120 -1 35 -1 78 -1 111 -1 139 -1 17 -1 121 -1 70 -1 11 -1 79 -1 117 -1 18 -1 110 -1 -2 
195 46 -1 117 -1 18 -1 110 -1 -2 
199 110 -1 26 -1 117 -1 -2 
195 113 -1 -2 
191 175 -1 118 -1 176 -1 -2 
199 114 -1 139 -1 26 -1 1 -1 78 -1 20 -1 -2 
210 110 -1 26 -1 -2 
199 110 -1 78 -1 -2 
209 -2 
199 139 -1 18 -1 -2 
195 113 -1 9 -1 35 -1 47 -1 153 -1 119 -1 10 -1 28 -1 -2 
210 65 -1 -2 
210 -2 
199 -2 
199 110 -1 35 -1 139 -1 2 -1 31 -1 1 -1 36 -1 -2 
210 -2 
210 -2 
191 18 -1 17 -1 13 -1 -2 
195 113 -1 35 -1 1 -1 31 -1 38 -1 78 -1 69 -1 -2 
191 78 -1 17 -1 27 -1 10 -1 70 -1 9 -1 79 -1 17 -1 26 -1 13 -1 -2 
191 48 -1 10 -1 78 -1 -2 
210 8 -1 27 -1 2 -1 8 -1 -2 
199 110 -1 2 -1 139 -1 10 -1 8 -1 41 -1 1 -1 8 -1 2 -1 41 -1 9 -1 18 -1 -2 
209 2 -1 8 -1 -2 
195 143 -1 2 -1 35 -1 133 -1 10 -1 28 -1 18 -1 -2 
199 113 -1 133 -1 146 -1 8 -1 38 -1 13 -1 19 -1 179 -1 168 -1 1 -1 27 -1 9 -1 120 -1 180 -1 -2 
191 14 -1 169 -1 26 -1 18 -1 149 -1 117 -1 -2 
191 8 -1 46 -1 2 -1 146 -1 168 -1 9 -1 26 -1 23 -1 -2 
195 11 -1 113 -1 143 -1 8 -1 133 -1 149 -1 35 -1 17 -1 179 -1 146 -1 168 -1 10 -1 1 -1 28 -1 9 -1 78 -1 135 -1 70 -1 -2 
191 31 -1 167 -1 36 -1 44 -1 13 -1 41 -1 79 -1 45 -1 18 -1 120 -1 -2 
191 113 -1 146 -1 143 -1 132 -1 48 -1 135 -1 8 -1 1 -1 9 -1 27 -1 133 -1 -2 
209 8 -1 110 -1 119 -1 139 -1 -2 
209 111 -1 143 -1 -2 
191 11 -1 46 -1 35 -1 134 -1 74 -1 32 -1 36 -1 26 -1 20 -1 79 -1 -2 
191 48 -1 17 -1 26 -1 13 -1 23 -1 17 -1 13 -1 49 -1 17 -1 14 -1 -2 
191 48 -1 14 -1 20 -1 119 -1 8 -1 18 -1 27 -1 -2 
191 48 -1 26 -1 170 -1 32 -1 23 -1 -2 
191 49 -1 134 -1 32 -1 14 -1 -2 
191 48 -1 27 -1 9 -1 36 -1 26 -1 79 -1 8 -1 2 -1 20 -1 -2 
195 1 -1 35 -1 110 -1 70 -1 28 -1 36 -1 79 -1 -2 
191 49 -1 23 -1 8 -1 -2 
191 49 -1 154 -1 8 -1 180 -1 26 -1 -2 
191 49 -1 187 -1 22 -1 8 -1 190 -1 5 -1 9 -1 79 -1 36 -1 -2 
191 48 -1 73 -1 13 -1 79 -1 26 -1 36 -1 17 -1 23 -1 10 -1 27 -1 -2 
191 48 -1 78 -1 35 -1 17 -1 31 -1 74 -1 170 -1 13 -1 17 -1 10 -1 17 -1 36 -1 79 -1 14 -1 -2 
191 35 -1 48 -1 78 -1 149 -1 17 -1 31 -1 73 -1 13 -1 17 -1 10 -1 17 -1 79 -1 36 -1 14 -1 -2 
195 1 -1 110 -1 139 -1 78 -1 35 -1 70 -1 28 -1 79 -1 132 -1 36 -1 9 -1 120 -1 -2 
191 47 -1 118 -1 -2 
195 110 -1 139 -1 1 -1 10 -1 78 -1 69 -1 164 -1 79 -1 -2 
191 113 -1 17 -1 133 -1 22 -1 10 -1 31 -1 8 -1 26 -1 74 -1 18 -1 2 -1 19 -1 79 -1 36 -1 -2 
191 13 -1 22 -1 46 -1 31 -1 74 -1 17 -1 26 -1 79 -1 53 -1 36 -1 10 -1 19 -1 46 -1 -2 
191 46 -1 22 -1 -2 
195 17 -1 31 -1 113 -1 133 -1 78 -1 35 -1 1 -1 14 -1 28 -1 69 -1 79 -1 -2 
195 110 -1 139 -1 8 -1 78 -1 -2 
195 110 -1 17 -1 78 -1 -2 
195 110 -1 8 -1 17 -1 78 -1 5 -1 44 -1 -2 
195 113 -1 45 -1 78 -1 17 -1 26 -1 134 -1 35 -1 13 -1 20 -1 3 -1 69 -1 28 -1 173 -1 79 -1 18 -1 36 -1 143 -1 -2 
195 17 -1 113 -1 26 -1 133 -1 78 -1 23 -1 13 -1 45 -1 35 -1 69 -1 27 -1 28 -1 143 -1 134 -1 165 -1 36 -1 123 -1 -2 
195 113 -1 78 -1 133 -1 35 -1 143 -1 134 -1 28 -1 70 -1 165 -1 36 -1 79 -1 18 -1 -2 
195 113 -1 133 -1 149 -1 28 -1 53 -1 69 -1 147 -1 47 -1 163 -1 1 -1 17 -1 14 -1 54 -1 9 -1 36 -1 -2 
195 113 -1 133 -1 35 -1 78 -1 10 -1 28 -1 2 -1 69 -1 36 -1 79 -1 -2 
195 18 -1 35 -1 113 -1 147 -1 78 -1 135 -1 28 -1 4 -1 150 -1 70 -1 8 -1 17 -1 36 -1 79 -1 141 -1 10 -1 -2 
195 4 -1 113 -1 78 -1 149 -1 14 -1 35 -1 99 -1 146 -1 69 -1 53 -1 28 -1 109 -1 173 -1 47 -1 18 -1 54 -1 36 -1 9 -1 143 -1 133 -1 -2 
195 47 -1 -2 
195 113 -1 143 -1 146 -1 166 -1 70 -1 135 -1 28 -1 1 -1 143 -1 149 -1 36 -1 79 -1 133 -1 147 -1 9 -1 -2 
195 17 -1 113 -1 133 -1 149 -1 8 -1 146 -1 1 -1 10 -1 35 -1 143 -1 78 -1 28 -1 135 -1 170 -1 70 -1 79 -1 36 -1 9 -1 143 -1 133 -1 -2 
195 18 -1 47 -1 -2 
195 49 -1 -2 
195 9 -1 18 -1 78 -1 113 -1 141 -1 146 -1 35 -1 28 -1 150 -1 143 -1 -2 
195 35 -1 113 -1 10 -1 8 -1 146 -1 135 -1 28 -1 78 -1 1 -1 69 -1 143 -1 141 -1 18 -1 26 -1 20 -1 149 -1 36 -1 143 -1 27 -1 79 -1 147 -1 135 -1 166 -1 9 -1 -2 
195 113 -1 1 -1 19 -1 69 -1 143 -1 9 -1 133 -1 79 -1 27 -1 -2 
195 8 -1 113 -1 17 -1 26 -1 135 -1 146 -1 184 -1 1 -1 13 -1 78 -1 20 -1 166 -1 70 -1 35 -1 29 -1 143 -1 166 -1 133 -1 36 -1 79 -1 -2 
195 113 -1 28 -1 146 -1 4 -1 9 -1 10 -1 78 -1 135 -1 70 -1 150 -1 143 -1 79 -1 133 -1 -2 
191 13 -1 22 -1 31 -1 46 -1 97 -1 17 -1 13 -1 143 -1 17 -1 136 -1 169 -1 13 -1 109 -1 17 -1 26 -1 23 -1 13 -1 18 -1 -2 
191 46 -1 17 -1 118 -1 35 -1 10 -1 8 -1 31 -1 143 -1 141 -1 1 -1 143 -1 136 -1 -2 
191 48 -1 35 -1 26 -1 109 -1 31 -1 17 -1 13 -1 23 -1 18 -1 -2 
191 46 -1 31 -1 74 -1 114 -1 143 -1 9 -1 17 -1 26 -1 136 -1 13 -1 118 -1 79 -1 22 -1 8 -1 17 -1 2 -1 -2 
195 113 -1 133 -1 8 -1 108 -1 2 -1 26 -1 99 -1 17 -1 20 -1 35 -1 8 -1 78 -1 13 -1 28 -1 109 -1 1 -1 70 -1 79 -1 27 -1 36 -1 18 -1 9 -1 -2 
195 8 -1 17 -1 113 -1 133 -1 78 -1 143 -1 2 -1 10 -1 135 -1 70 -1 149 -1 143 -1 8 -1 141 -1 151 -1 35 -1 78 -1 145 -1 150 -1 1 -1 28 -1 69 -1 36 -1 79 -1 143 -1 9 -1 133 -1 -2 
195 113 -1 141 -1 18 -1 147 -1 151 -1 28 -1 69 -1 1 -1 143 -1 150 -1 36 -1 9 -1 79 -1 133 -1 -2 
195 113 -1 70 -1 28 -1 150 -1 3 -1 9 -1 36 -1 79 -1 -2 
195 113 -1 151 -1 8 -1 141 -1 20 -1 69 -1 143 -1 28 -1 133 -1 3 -1 27 -1 79 -1 36 -1 9 -1 -2 
195 113 -1 19 -1 30 -1 69 -1 143 -1 133 -1 1 -1 17 -1 35 -1 79 -1 14 -1 29 -1 -2 
195 17 -1 113 -1 133 -1 108 -1 151 -1 8 -1 10 -1 99 -1 5 -1 109 -1 -2 
195 8 -1 113 -1 151 -1 143 -1 28 -1 69 -1 1 -1 133 -1 9 -1 36 -1 79 -1 -2 
195 113 -1 10 -1 78 -1 141 -1 20 -1 17 -1 35 -1 8 -1 5 -1 28 -1 70 -1 14 -1 27 -1 150 -1 -2 
195 17 -1 113 -1 133 -1 35 -1 8 -1 151 -1 10 -1 78 -1 1 -1 28 -1 69 -1 79 -1 -2 
195 113 -1 143 -1 8 -1 135 -1 151 -1 17 -1 4 -1 -2 
195 114 -1 14 -1 179 -1 165 -1 180 -1 18 -1 179 -1 108 -1 152 -1 17 -1 179 -1 165 -1 -2 
195 152 -1 179 -1 175 -1 -2 
195 113 -1 179 -1 35 -1 164 -1 180 -1 149 -1 10 -1 78 -1 9 -1 179 -1 18 -1 47 -1 -2 
199 149 -1 146 -1 78 -1 -2 
199 146 -1 78 -1 8 -1 2 -1 149 -1 -2 
199 11 -1 -2 
199 145 -1 78 -1 2 -1 179 -1 -2 
209 5 -1 17 -1 110 -1 42 -1 9 -1 149 -1 10 -1 139 -1 -2 
209 8 -1 149 -1 147 -1 150 -1 -2 
210 10 -1 147 -1 -2 
209 10 -1 149 -1 4 -1 147 -1 9 -1 144 -1 -2 
209 8 -1 10 -1 20 -1 4 -1 147 -1 -2 
210 17 -1 108 -1 -2 
210 143 -1 -2 
191 46 -1 32 -1 143 -1 13 -1 18 -1 136 -1 36 -1 26 -1 144 -1 8 -1 17 -1 2 -1 19 -1 11 -1 20 -1 -2 
195 4 -1 179 -1 164 -1 -2 
195 4 -1 17 -1 179 -1 150 -1 9 -1 175 -1 180 -1 35 -1 78 -1 10 -1 28 -1 134 -1 -2 
195 5 -1 108 -1 10 -1 99 -1 109 -1 9 -1 149 -1 35 -1 78 -1 179 -1 146 -1 165 -1 28 -1 70 -1 180 -1 -2 
195 35 -1 -2 
195 8 -1 4 -1 35 -1 -2 
195 14 -1 17 -1 35 -1 47 -1 -2 
195 26 -1 179 -1 175 -1 35 -1 179 -1 166 -1 179 -1 175 -1 180 -1 -2 
195 10 -1 35 -1 179 -1 73 -1 175 -1 31 -1 36 -1 74 -1 179 -1 -2 
195 17 -1 26 -1 145 -1 113 -1 78 -1 35 -1 179 -1 175 -1 23 -1 31 -1 74 -1 35 -1 79 -1 179 -1 166 -1 28 -1 -2 
195 113 -1 166 -1 28 -1 78 -1 6 -1 -2 
195 10 -1 146 -1 133 -1 179 -1 175 -1 5 -1 149 -1 78 -1 179 -1 145 -1 166 -1 35 -1 69 -1 9 -1 28 -1 36 -1 -2 
195 143 -1 113 -1 11 -1 133 -1 50 -1 17 -1 5 -1 -2 
195 35 -1 149 -1 145 -1 -2 
195 78 -1 113 -1 145 -1 28 -1 69 -1 -2 
195 145 -1 28 -1 70 -1 149 -1 146 -1 -2 
195 28 -1 69 -1 -2 
195 78 -1 113 -1 28 -1 70 -1 11 -1 -2 
195 114 -1 4 -1 135 -1 78 -1 9 -1 35 -1 113 -1 69 -1 133 -1 28 -1 134 -1 -2 
195 9 -1 35 -1 135 -1 78 -1 113 -1 29 -1 133 -1 -2 
195 113 -1 135 -1 29 -1 69 -1 143 -1 133 -1 -2 
195 78 -1 35 -1 179 -1 149 -1 166 -1 146 -1 28 -1 47 -1 69 -1 -2 
195 26 -1 147 -1 108 -1 -2 
195 47 -1 113 -1 145 -1 78 -1 13 -1 28 -1 19 -1 69 -1 -2 
195 113 -1 10 -1 28 -1 69 -1 -2 
195 5 -1 9 -1 29 -1 69 -1 36 -1 -2 
195 46 -1 6 -1 29 -1 14 -1 69 -1 -2 
195 26 -1 78 -1 28 -1 10 -1 70 -1 23 -1 -2 
195 135 -1 113 -1 -2 
195 17 -1 113 -1 135 -1 78 -1 145 -1 10 -1 179 -1 28 -1 166 -1 69 -1 -2 
195 114 -1 133 -1 28 -1 10 -1 69 -1 23 -1 118 -1 -2 
195 22 -1 70 -1 -2 
195 26 -1 28 -1 11 -1 23 -1 -2 
195 23 -1 28 -1 70 -1 118 -1 -2 
195 113 -1 133 -1 146 -1 28 -1 70 -1 23 -1 -2 
195 113 -1 23 -1 -2 
195 113 -1 135 -1 26 -1 29 -1 36 -1 20 -1 -2 
195 -2 
195 47 -1 113 -1 145 -1 78 -1 5 -1 9 -1 28 -1 14 -1 70 -1 36 -1 -2 
199 133 -1 1 -1 35 -1 78 -1 29 -1 20 -1 36 -1 -2 
195 47 -1 113 -1 118 -1 -2 
195 113 -1 146 -1 26 -1 28 -1 78 -1 22 -1 10 -1 69 -1 114 -1 27 -1 -2 
218 53 -1 17 -1 35 -1 13 -1 46 -1 18 -1 17 -1 -2 
191 46 -1 18 -1 26 -1 17 -1 31 -1 13 -1 143 -1 149 -1 117 -1 189 -1 48 -1 22 -1 184 -1 9 -1 78 -1 17 -1 36 -1 26 -1 190 -1 -2 
218 78 -1 8 -1 17 -1 -2 
218 9 -1 144 -1 26 -1 35 -1 20 -1 -2 
218 117 -1 46 -1 78 -1 143 -1 35 -1 74 -1 31 -1 -2 
191 46 -1 78 -1 143 -1 35 -1 74 -1 31 -1 -2 
191 46 -1 78 -1 69 -1 79 -1 144 -1 18 -1 150 -1 -2 
218 10 -1 2 -1 48 -1 9 -1 17 -1 -2 
191 9 -1 17 -1 -2 
191 36 -1 46 -1 26 -1 78 -1 17 -1 19 -1 10 -1 69 -1 27 -1 149 -1 18 -1 79 -1 146 -1 144 -1 -2 
218 35 -1 10 -1 26 -1 78 -1 143 -1 146 -1 31 -1 2 -1 150 -1 139 -1 -2 
218 110 -1 139 -1 17 -1 4 -1 9 -1 -2 
218 35 -1 119 -1 78 -1 20 -1 27 -1 47 -1 -2 
191 47 -1 -2 
191 47 -1 26 -1 78 -1 146 -1 113 -1 10 -1 19 -1 149 -1 147 -1 70 -1 144 -1 79 -1 27 -1 -2 
218 18 -1 46 -1 121 -1 149 -1 74 -1 143 -1 134 -1 145 -1 17 -1 111 -1 11 -1 143 -1 -2 
191 134 -1 145 -1 17 -1 111 -1 11 -1 143 -1 -2 
218 8 -1 139 -1 149 -1 143 -1 146 -1 133 -1 -2 
191 153 -1 133 -1 143 -1 149 -1 17 -1 117 -1 135 -1 78 -1 145 -1 13 -1 113 -1 9 -1 35 -1 32 -1 69 -1 36 -1 26 -1 17 -1 11 -1 8 -1 20 -1 2 -1 143 -1 79 -1 133 -1 -2 
218 10 -1 122 -1 139 -1 121 -1 -2 
209 2 -1 187 -1 -2 
210 17 -1 143 -1 110 -1 139 -1 10 -1 118 -1 -2 
210 117 -1 143 -1 26 -1 110 -1 139 -1 19 -1 -2 
209 5 -1 143 -1 110 -1 139 -1 17 -1 26 -1 8 -1 144 -1 189 -1 10 -1 186 -1 1 -1 19 -1 143 -1 139 -1 -2 
195 144 -1 117 -1 78 -1 150 -1 110 -1 69 -1 -2 
195 28 -1 78 -1 70 -1 -2 
