3 3 -1 2 -1 5 -1 8 -1 7 -1 -2 
8 2 -1 1 -1 1 -1 5 -1 4 -1 7 -1 7 -1 6 -1 6 -1 -2 
1 3 -1 8 -1 5 -1 -2 
8 2 -1 1 -1 1 -1 5 -1 4 -1 7 -1 6 -1 6 -1 -2 
8 2 -1 1 -1 1 -1 5 -1 4 -1 7 -1 6 -1 6 -1 -2 
8 2 -1 1 -1 1 -1 5 -1 4 -1 7 -1 6 -1 6 -1 -2 
2 3 -1 5 -1 8 -1 -2 
7 2 -1 1 -1 1 -1 5 -1 7 -1 4 -1 6 -1 6 -1 -2 
1 3 -1 5 -1 8 -1 -2 
6 3 -1 1 -1 1 -1 5 -1 8 -1 6 -1 -2 
1 3 -1 8 -1 5 -1 -2 
5 3 -1 1 -1 1 -1 5 -1 8 -1 6 -1 -2 
3 3 -1 2 -1 5 -1 8 -1 7 -1 -2 
7 2 -1 1 -1 5 -1 4 -1 7 -1 6 -1 -2 
2 3 -1 5 -1 8 -1 -2 
1 3 -1 5 -1 8 -1 -2 
5 3 -1 1 -1 1 -1 5 -1 8 -1 6 -1 -2 
4 3 -1 2 -1 5 -1 8 -1 7 -1 -2 
1 3 -1 5 -1 8 -1 -2 
6 3 -1 1 -1 1 -1 5 -1 8 -1 6 -1 -2 
3 3 -1 2 -1 5 -1 8 -1 7 -1 -2 
8 2 -1 1 -1 1 -1 5 -1 4 -1 7 -1 6 -1 6 -1 -2 
7 2 -1 1 -1 1 -1 5 -1 7 -1 4 -1 6 -1 6 -1 -2 
4 3 -1 2 -1 5 -1 8 -1 7 -1 -2 
5 3 -1 1 -1 1 -1 5 -1 8 -1 6 -1 -2 
4 3 -1 2 -1 5 -1 8 -1 7 -1 -2 
1 3 -1 5 -1 8 -1 -2 
1 3 -1 5 -1 8 -1 -2 
6 3 -1 1 -1 1 -1 5 -1 8 -1 6 -1 -2 
6 3 -1 1 -1 1 -1 5 -1 8 -1 6 -1 6 -1 -2 
1 3 -1 5 -1 8 -1 -2 
6 3 -1 1 -1 1 -1 5 -1 8 -1 6 -1 -2 
5 3 -1 1 -1 1 -1 5 -1 8 -1 6 -1 -2 
6 3 -1 1 -1 1 -1 5 -1 8 -1 6 -1 -2 
6 3 -1 1 -1 1 -1 5 -1 8 -1 6 -1 -2 
4 3 -1 2 -1 5 -1 8 -1 7 -1 -2 
7 2 -1 2 -1 1 -1 1 -1 5 -1 4 -1 7 -1 7 -1 6 -1 6 -1 -2 
7 2 -1 1 -1 5 -1 4 -1 7 -1 6 -1 -2 
8 2 -1 1 -1 1 -1 5 -1 4 -1 7 -1 6 -1 6 -1 -2 
8 2 -1 1 -1 1 -1 5 -1 4 -1 7 -1 6 -1 6 -1 -2 
2 3 -1 5 -1 8 -1 -2 
6 3 -1 1 -1 1 -1 5 -1 8 -1 6 -1 -2 
5 3 -1 1 -1 1 -1 5 -1 8 -1 6 -1 -2 
4 3 -1 2 -1 5 -1 8 -1 7 -1 -2 
6 3 -1 1 -1 1 -1 5 -1 8 -1 6 -1 -2 
5 3 -1 1 -1 1 -1 5 -1 8 -1 6 -1 -2 
1 3 -1 5 -1 8 -1 -2 
1 3 -1 5 -1 8 -1 -2 
8 2 -1 1 -1 1 -1 5 -1 4 -1 7 -1 6 -1 6 -1 -2 
7 2 -1 1 -1 1 -1 5 -1 4 -1 7 -1 6 -1 6 -1 -2 
2 3 -1 5 -1 8 -1 -2 
4 3 -1 2 -1 5 -1 8 -1 7 -1 -2 
2 3 -1 5 -1 8 -1 -2 
7 2 -1 1 -1 1 -1 5 -1 7 -1 4 -1 6 -1 6 -1 -2 
1 3 -1 5 -1 8 -1 -2 
2 3 -1 5 -1 8 -1 -2 
7 2 -1 2 -1 1 -1 1 -1 5 -1 5 -1 5 -1 4 -1 4 -1 7 -1 6 -1 6 -1 -2 
7 2 -1 2 -1 1 -1 1 -1 5 -1 5 -1 4 -1 4 -1 7 -1 6 -1 6 -1 -2 
7 2 -1 1 -1 1 -1 5 -1 4 -1 7 -1 6 -1 6 -1 -2 
7 2 -1 2 -1 2 -1 1 -1 1 -1 5 -1 4 -1 7 -1 7 -1 7 -1 6 -1 6 -1 -2 
7 2 -1 1 -1 1 -1 1 -1 5 -1 4 -1 7 -1 6 -1 6 -1 -2 
3 3 -1 2 -1 5 -1 8 -1 7 -1 -2 
2 3 -1 3 -1 5 -1 8 -1 8 -1 -2 
8 2 -1 1 -1 1 -1 5 -1 4 -1 7 -1 6 -1 6 -1 -2 
8 2 -1 1 -1 1 -1 5 -1 4 -1 7 -1 6 -1 6 -1 -2 
1 3 -1 5 -1 8 -1 -2 
7 2 -1 1 -1 1 -1 5 -1 4 -1 7 -1 6 -1 6 -1 -2 
1 3 -1 5 -1 8 -1 -2 
3 3 -1 2 -1 5 -1 8 -1 7 -1 -2 
1 3 -1 8 -1 5 -1 -2 
4 3 -1 2 -1 5 -1 8 -1 7 -1 -2 
3 3 -1 2 -1 5 -1 8 -1 7 -1 -2 
6 3 -1 1 -1 1 -1 5 -1 8 -1 6 -1 -2 
4 3 -1 2 -1 5 -1 8 -1 7 -1 -2 
2 3 -1 5 -1 8 -1 -2 
7 2 -1 1 -1 1 -1 5 -1 4 -1 7 -1 7 -1 6 -1 6 -1 -2 
6 3 -1 3 -1 1 -1 1 -1 5 -1 8 -1 6 -1 -2 
7 2 -1 1 -1 1 -1 5 -1 7 -1 4 -1 6 -1 6 -1 -2 
8 2 -1 1 -1 1 -1 5 -1 4 -1 7 -1 6 -1 6 -1 -2 
1 3 -1 5 -1 8 -1 -2 
7 2 -1 1 -1 1 -1 5 -1 4 -1 7 -1 6 -1 6 -1 -2 
3 3 -1 2 -1 5 -1 8 -1 7 -1 -2 
7 2 -1 1 -1 1 -1 1 -1 5 -1 4 -1 7 -1 6 -1 6 -1 6 -1 -2 
3 3 -1 2 -1 5 -1 8 -1 7 -1 -2 
5 3 -1 1 -1 1 -1 5 -1 8 -1 6 -1 -2 
8 2 -1 1 -1 1 -1 5 -1 4 -1 7 -1 7 -1 6 -1 6 -1 -2 
2 3 -1 5 -1 8 -1 -2 
1 3 -1 5 -1 8 -1 -2 
2 3 -1 5 -1 8 -1 -2 
6 3 -1 1 -1 1 -1 5 -1 8 -1 6 -1 -2 
4 3 -1 2 -1 5 -1 8 -1 7 -1 -2 
5 3 -1 1 -1 1 -1 5 -1 8 -1 6 -1 -2 
3 3 -1 2 -1 5 -1 8 -1 7 -1 -2 
2 3 -1 5 -1 8 -1 -2 
8 2 -1 1 -1 1 -1 5 -1 4 -1 7 -1 6 -1 6 -1 -2 
8 2 -1 1 -1 1 -1 5 -1 4 -1 7 -1 6 -1 6 -1 -2 
1 3 -1 5 -1 8 -1 -2 
8 2 -1 1 -1 1 -1 5 -1 4 -1 7 -1 6 -1 6 -1 -2 
7 2 -1 1 -1 1 -1 5 -1 4 -1 7 -1 6 -1 6 -1 -2 
6 3 -1 1 -1 1 -1 5 -1 8 -1 6 -1 -2 
2 3 -1 5 -1 8 -1 -2 
8 2 -1 1 -1 1 -1 5 -1 4 -1 7 -1 6 -1 6 -1 -2 
8 2 -1 1 -1 1 -1 5 -1 4 -1 7 -1 6 -1 6 -1 -2 
7 2 -1 1 -1 1 -1 1 -1 5 -1 4 -1 7 -1 6 -1 6 -1 6 -1 -2 
6 3 -1 1 -1 1 -1 5 -1 8 -1 6 -1 -2 
5 3 -1 1 -1 1 -1 5 -1 8 -1 6 -1 -2 
5 3 -1 1 -1 1 -1 5 -1 8 -1 6 -1 -2 
5 3 -1 1 -1 1 -1 5 -1 8 -1 6 -1 -2 
2 3 -1 5 -1 8 -1 -2 
8 2 -1 1 -1 1 -1 5 -1 4 -1 7 -1 6 -1 6 -1 -2 
5 3 -1 1 -1 1 -1 8 -1 6 -1 5 -1 -2 
2 3 -1 5 -1 8 -1 -2 
4 3 -1 2 -1 5 -1 8 -1 7 -1 -2 
5 3 -1 1 -1 1 -1 5 -1 8 -1 6 -1 -2 
3 3 -1 2 -1 5 -1 8 -1 7 -1 -2 
7 2 -1 1 -1 1 -1 5 -1 4 -1 7 -1 7 -1 6 -1 6 -1 6 -1 -2 
1 3 -1 5 -1 8 -1 -2 
7 2 -1 1 -1 1 -1 5 -1 4 -1 7 -1 6 -1 6 -1 -2 
6 3 -1 1 -1 1 -1 5 -1 8 -1 6 -1 -2 
6 3 -1 1 -1 1 -1 5 -1 8 -1 6 -1 -2 
2 3 -1 5 -1 8 -1 -2 
5 3 -1 1 -1 1 -1 5 -1 8 -1 6 -1 -2 
7 2 -1 2 -1 1 -1 1 -1 5 -1 5 -1 4 -1 4 -1 7 -1 6 -1 6 -1 -2 
2 3 -1 5 -1 8 -1 -2 
5 3 -1 1 -1 1 -1 5 -1 8 -1 6 -1 -2 
6 3 -1 1 -1 1 -1 5 -1 8 -1 6 -1 -2 
5 3 -1 1 -1 1 -1 5 -1 8 -1 6 -1 -2 
6 3 -1 1 -1 1 -1 5 -1 8 -1 6 -1 -2 
7 2 -1 1 -1 1 -1 1 -1 5 -1 4 -1 7 -1 6 -1 6 -1 6 -1 -2 
5 3 -1 1 -1 1 -1 5 -1 8 -1 6 -1 -2 
8 2 -1 1 -1 1 -1 5 -1 4 -1 7 -1 6 -1 6 -1 -2 
1 3 -1 5 -1 8 -1 -2 
3 3 -1 2 -1 5 -1 8 -1 7 -1 -2 
1 3 -1 5 -1 8 -1 -2 
8 2 -1 1 -1 1 -1 5 -1 4 -1 7 -1 6 -1 6 -1 -2 
8 2 -1 1 -1 1 -1 1 -1 5 -1 4 -1 7 -1 6 -1 6 -1 -2 
2 3 -1 5 -1 8 -1 8 -1 -2 
6 3 -1 1 -1 1 -1 5 -1 8 -1 6 -1 -2 
8 2 -1 1 -1 1 -1 5 -1 7 -1 4 -1 6 -1 6 -1 -2 
2 3 -1 5 -1 8 -1 -2 
6 3 -1 1 -1 1 -1 5 -1 8 -1 6 -1 -2 
2 3 -1 5 -1 8 -1 -2 
4 3 -1 2 -1 5 -1 8 -1 7 -1 -2 
4 3 -1 2 -1 5 -1 8 -1 7 -1 -2 
3 3 -1 2 -1 5 -1 8 -1 7 -1 -2 
7 2 -1 1 -1 1 -1 5 -1 4 -1 7 -1 6 -1 6 -1 -2 
4 3 -1 3 -1 2 -1 5 -1 8 -1 8 -1 7 -1 -2 
3 3 -1 2 -1 5 -1 8 -1 7 -1 -2 
2 3 -1 5 -1 8 -1 -2 
6 3 -1 1 -1 1 -1 5 -1 8 -1 6 -1 -2 
1 3 -1 5 -1 8 -1 -2 
2 3 -1 5 -1 8 -1 -2 
8 2 -1 1 -1 1 -1 5 -1 4 -1 7 -1 6 -1 6 -1 -2 
7 2 -1 1 -1 1 -1 5 -1 4 -1 4 -1 6 -1 6 -1 -2 
8 2 -1 1 -1 1 -1 5 -1 7 -1 4 -1 6 -1 6 -1 -2 
5 3 -1 1 -1 1 -1 5 -1 8 -1 6 -1 -2 
1 3 -1 5 -1 8 -1 -2 
4 3 -1 2 -1 5 -1 8 -1 7 -1 -2 
5 3 -1 1 -1 1 -1 5 -1 8 -1 6 -1 -2 
1 3 -1 8 -1 5 -1 -2 
5 3 -1 1 -1 1 -1 5 -1 8 -1 6 -1 -2 
6 3 -1 1 -1 1 -1 5 -1 8 -1 6 -1 -2 
7 2 -1 1 -1 1 -1 5 -1 4 -1 7 -1 6 -1 6 -1 -2 
2 3 -1 5 -1 8 -1 -2 
2 3 -1 5 -1 8 -1 -2 
8 2 -1 1 -1 1 -1 5 -1 4 -1 7 -1 6 -1 6 -1 -2 
6 3 -1 1 -1 1 -1 5 -1 8 -1 6 -1 -2 
6 3 -1 1 -1 1 -1 5 -1 8 -1 6 -1 -2 
6 3 -1 1 -1 1 -1 5 -1 8 -1 6 -1 -2 
2 3 -1 5 -1 8 -1 -2 
8 2 -1 1 -1 1 -1 5 -1 4 -1 7 -1 6 -1 6 -1 -2 
6 3 -1 1 -1 1 -1 5 -1 8 -1 6 -1 -2 
5 3 -1 1 -1 1 -1 5 -1 8 -1 6 -1 -2 
2 3 -1 5 -1 8 -1 -2 
5 3 -1 1 -1 1 -1 5 -1 8 -1 6 -1 -2 
6 3 -1 1 -1 1 -1 5 -1 8 -1 6 -1 -2 
1 3 -1 5 -1 8 -1 -2 
1 3 -1 5 -1 8 -1 -2 
1 3 -1 5 -1 8 -1 -2 
5 3 -1 1 -1 1 -1 5 -1 8 -1 6 -1 -2 
1 3 -1 3 -1 5 -1 8 -1 8 -1 -2 
6 3 -1 1 -1 1 -1 5 -1 8 -1 6 -1 -2 
5 3 -1 1 -1 1 -1 5 -1 8 -1 6 -1 -2 
7 2 -1 1 -1 1 -1 5 -1 7 -1 4 -1 6 -1 6 -1 -2 
2 3 -1 5 -1 8 -1 -2 
5 3 -1 1 -1 1 -1 5 -1 8 -1 6 -1 -2 
7 2 -1 1 -1 1 -1 1 -1 5 -1 4 -1 7 -1 6 -1 6 -1 6 -1 -2 
8 2 -1 1 -1 1 -1 5 -1 4 -1 7 -1 6 -1 6 -1 -2 
1 3 -1 5 -1 8 -1 -2 
1 3 -1 5 -1 8 -1 -2 
5 3 -1 1 -1 1 -1 5 -1 8 -1 6 -1 -2 
1 3 -1 5 -1 8 -1 -2 
2 3 -1 5 -1 8 -1 -2 
7 2 -1 1 -1 1 -1 5 -1 4 -1 7 -1 6 -1 6 -1 -2 
4 3 -1 2 -1 5 -1 8 -1 7 -1 -2 
2 3 -1 5 -1 8 -1 -2 
2 3 -1 5 -1 8 -1 -2 
5 3 -1 1 -1 1 -1 5 -1 8 -1 6 -1 -2 
5 3 -1 1 -1 1 -1 5 -1 8 -1 6 -1 -2 
8 2 -1 1 -1 1 -1 5 -1 4 -1 7 -1 6 -1 6 -1 -2 
7 2 -1 1 -1 1 -1 5 -1 4 -1 7 -1 6 -1 6 -1 -2 
6 3 -1 1 -1 1 -1 5 -1 8 -1 6 -1 -2 
8 2 -1 1 -1 1 -1 5 -1 4 -1 7 -1 6 -1 6 -1 -2 
3 3 -1 2 -1 5 -1 8 -1 7 -1 -2 
5 3 -1 1 -1 1 -1 5 -1 8 -1 6 -1 6 -1 -2 
5 3 -1 1 -1 1 -1 5 -1 8 -1 6 -1 -2 
2 3 -1 5 -1 8 -1 -2 
6 3 -1 1 -1 1 -1 5 -1 8 -1 6 -1 -2 
3 3 -1 2 -1 5 -1 8 -1 7 -1 -2 
8 2 -1 1 -1 1 -1 5 -1 4 -1 7 -1 6 -1 6 -1 -2 
