1 2 -1 1 -1 8 -1 7 -1 8 -1 14 -1 13 -1 14 -1 15 -1 16 -1 15 -1 17 -1 18 -1 17 -1 18 -1 20 -1 19 -1 22 -1 23 -1 25 -1 24 -1 25 -1 24 -1 26 -1 27 -1 28 -1 29 -1 47 -1 46 -1 48 -1 49 -1 52 -1 51 -1 52 -1 51 -1 52 -1 51 -1 52 -1 51 -1 52 -1 51 -1 52 -1 51 -1 52 -1 53 -1 54 -1 53 -1 54 -1 53 -1 54 -1 53 -1 54 -1 55 -1 56 -1 -2 
1 1 -1 8 -1 13 -1 16 -1 18 -1 17 -1 18 -1 19 -1 23 -1 24 -1 25 -1 24 -1 27 -1 29 -1 28 -1 29 -1 40 -1 41 -1 40 -1 43 -1 45 -1 44 -1 45 -1 46 -1 52 -1 51 -1 52 -1 51 -1 52 -1 51 -1 52 -1 54 -1 53 -1 54 -1 53 -1 54 -1 -2 
1 1 -1 8 -1 10 -1 13 -1 14 -1 16 -1 15 -1 18 -1 17 -1 18 -1 17 -1 19 -1 23 -1 24 -1 25 -1 24 -1 29 -1 28 -1 29 -1 28 -1 29 -1 46 -1 47 -1 46 -1 49 -1 52 -1 51 -1 52 -1 51 -1 52 -1 51 -1 52 -1 51 -1 52 -1 51 -1 52 -1 51 -1 52 -1 54 -1 53 -1 54 -1 53 -1 54 -1 -2 
1 1 -1 8 -1 13 -1 14 -1 16 -1 15 -1 18 -1 17 -1 18 -1 19 -1 23 -1 24 -1 25 -1 24 -1 27 -1 29 -1 40 -1 41 -1 40 -1 41 -1 40 -1 45 -1 44 -1 45 -1 44 -1 45 -1 46 -1 47 -1 46 -1 49 -1 52 -1 51 -1 52 -1 51 -1 52 -1 51 -1 52 -1 51 -1 52 -1 54 -1 53 -1 54 -1 -2 
1 1 -1 8 -1 13 -1 16 -1 18 -1 17 -1 18 -1 19 -1 20 -1 19 -1 23 -1 22 -1 23 -1 24 -1 25 -1 24 -1 25 -1 24 -1 27 -1 29 -1 28 -1 29 -1 40 -1 41 -1 40 -1 45 -1 44 -1 45 -1 46 -1 47 -1 46 -1 47 -1 46 -1 49 -1 48 -1 49 -1 52 -1 51 -1 52 -1 51 -1 52 -1 51 -1 52 -1 54 -1 53 -1 54 -1 53 -1 54 -1 56 -1 -2 
1 1 -1 8 -1 13 -1 16 -1 18 -1 17 -1 18 -1 19 -1 23 -1 24 -1 29 -1 40 -1 41 -1 40 -1 41 -1 40 -1 43 -1 42 -1 43 -1 45 -1 44 -1 45 -1 46 -1 49 -1 52 -1 51 -1 52 -1 51 -1 52 -1 51 -1 52 -1 54 -1 53 -1 54 -1 53 -1 54 -1 53 -1 54 -1 -2 
1 1 -1 8 -1 13 -1 16 -1 18 -1 17 -1 18 -1 19 -1 20 -1 19 -1 23 -1 22 -1 23 -1 24 -1 25 -1 24 -1 25 -1 24 -1 27 -1 29 -1 28 -1 29 -1 40 -1 41 -1 40 -1 45 -1 44 -1 45 -1 46 -1 47 -1 46 -1 49 -1 48 -1 49 -1 52 -1 51 -1 52 -1 51 -1 52 -1 54 -1 53 -1 54 -1 53 -1 54 -1 53 -1 54 -1 56 -1 -2 
1 1 -1 8 -1 13 -1 14 -1 16 -1 15 -1 18 -1 17 -1 18 -1 17 -1 19 -1 20 -1 19 -1 23 -1 22 -1 23 -1 24 -1 25 -1 24 -1 29 -1 40 -1 41 -1 40 -1 41 -1 40 -1 41 -1 40 -1 43 -1 42 -1 43 -1 42 -1 43 -1 45 -1 44 -1 45 -1 44 -1 45 -1 46 -1 49 -1 52 -1 51 -1 52 -1 51 -1 52 -1 51 -1 52 -1 51 -1 52 -1 54 -1 53 -1 54 -1 53 -1 54 -1 -2 
1 1 -1 8 -1 12 -1 14 -1 15 -1 18 -1 17 -1 18 -1 17 -1 19 -1 23 -1 24 -1 25 -1 24 -1 27 -1 29 -1 40 -1 41 -1 40 -1 41 -1 40 -1 45 -1 44 -1 45 -1 44 -1 45 -1 46 -1 47 -1 46 -1 47 -1 46 -1 49 -1 48 -1 49 -1 48 -1 49 -1 52 -1 51 -1 52 -1 51 -1 52 -1 51 -1 52 -1 51 -1 52 -1 51 -1 52 -1 54 -1 53 -1 54 -1 53 -1 54 -1 53 -1 54 -1 -2 
1 1 -1 8 -1 13 -1 14 -1 16 -1 15 -1 18 -1 17 -1 18 -1 17 -1 19 -1 23 -1 24 -1 25 -1 24 -1 27 -1 29 -1 46 -1 49 -1 52 -1 51 -1 52 -1 51 -1 52 -1 54 -1 53 -1 54 -1 53 -1 54 -1 53 -1 54 -1 -2 
1 1 -1 8 -1 14 -1 15 -1 17 -1 18 -1 17 -1 19 -1 23 -1 24 -1 29 -1 46 -1 47 -1 46 -1 49 -1 48 -1 49 -1 52 -1 51 -1 52 -1 51 -1 52 -1 51 -1 52 -1 51 -1 52 -1 51 -1 52 -1 51 -1 52 -1 51 -1 52 -1 54 -1 53 -1 54 -1 53 -1 54 -1 53 -1 54 -1 53 -1 54 -1 -2 
1 1 -1 8 -1 13 -1 14 -1 16 -1 15 -1 18 -1 17 -1 18 -1 17 -1 19 -1 23 -1 24 -1 25 -1 24 -1 27 -1 29 -1 46 -1 52 -1 51 -1 52 -1 51 -1 52 -1 51 -1 52 -1 51 -1 52 -1 51 -1 52 -1 54 -1 53 -1 54 -1 53 -1 54 -1 53 -1 54 -1 53 -1 54 -1 -2 
1 1 -1 8 -1 14 -1 15 -1 18 -1 17 -1 18 -1 17 -1 19 -1 23 -1 24 -1 29 -1 46 -1 47 -1 46 -1 47 -1 46 -1 49 -1 48 -1 49 -1 52 -1 51 -1 52 -1 51 -1 52 -1 51 -1 52 -1 54 -1 53 -1 54 -1 53 -1 54 -1 53 -1 54 -1 -2 
1 1 -1 8 -1 13 -1 14 -1 16 -1 15 -1 18 -1 17 -1 18 -1 17 -1 19 -1 23 -1 24 -1 29 -1 52 -1 51 -1 52 -1 51 -1 52 -1 54 -1 53 -1 54 -1 53 -1 54 -1 53 -1 54 -1 -2 
1 1 -1 8 -1 13 -1 14 -1 16 -1 15 -1 18 -1 17 -1 18 -1 17 -1 19 -1 23 -1 24 -1 25 -1 24 -1 27 -1 29 -1 46 -1 47 -1 46 -1 47 -1 46 -1 49 -1 48 -1 49 -1 52 -1 51 -1 52 -1 51 -1 52 -1 51 -1 52 -1 54 -1 53 -1 54 -1 56 -1 -2 
1 1 -1 8 -1 13 -1 14 -1 16 -1 15 -1 18 -1 17 -1 18 -1 17 -1 19 -1 23 -1 24 -1 25 -1 24 -1 27 -1 29 -1 46 -1 47 -1 46 -1 49 -1 52 -1 51 -1 52 -1 51 -1 52 -1 51 -1 52 -1 54 -1 53 -1 54 -1 53 -1 54 -1 53 -1 54 -1 -2 
1 1 -1 8 -1 12 -1 13 -1 14 -1 16 -1 15 -1 18 -1 17 -1 18 -1 17 -1 19 -1 23 -1 24 -1 29 -1 40 -1 45 -1 46 -1 52 -1 51 -1 52 -1 51 -1 52 -1 51 -1 52 -1 51 -1 52 -1 54 -1 53 -1 54 -1 53 -1 54 -1 56 -1 -2 
1 1 -1 8 -1 7 -1 13 -1 14 -1 16 -1 15 -1 18 -1 17 -1 18 -1 17 -1 19 -1 23 -1 24 -1 29 -1 40 -1 41 -1 40 -1 45 -1 44 -1 45 -1 46 -1 49 -1 52 -1 51 -1 52 -1 51 -1 52 -1 51 -1 52 -1 51 -1 52 -1 51 -1 52 -1 54 -1 53 -1 54 -1 53 -1 54 -1 53 -1 54 -1 -2 
1 1 -1 8 -1 7 -1 8 -1 13 -1 14 -1 16 -1 15 -1 18 -1 17 -1 18 -1 17 -1 18 -1 17 -1 19 -1 23 -1 24 -1 29 -1 28 -1 29 -1 46 -1 47 -1 46 -1 47 -1 46 -1 49 -1 48 -1 49 -1 52 -1 51 -1 52 -1 54 -1 53 -1 54 -1 53 -1 54 -1 53 -1 54 -1 53 -1 54 -1 -2 
1 1 -1 8 -1 13 -1 14 -1 16 -1 15 -1 18 -1 17 -1 18 -1 17 -1 19 -1 23 -1 24 -1 29 -1 46 -1 47 -1 46 -1 49 -1 48 -1 49 -1 52 -1 51 -1 52 -1 51 -1 52 -1 51 -1 52 -1 54 -1 53 -1 54 -1 53 -1 54 -1 -2 
1 1 -1 8 -1 13 -1 16 -1 18 -1 17 -1 18 -1 19 -1 23 -1 24 -1 29 -1 40 -1 45 -1 46 -1 47 -1 46 -1 49 -1 48 -1 49 -1 52 -1 51 -1 52 -1 54 -1 53 -1 54 -1 53 -1 54 -1 53 -1 54 -1 56 -1 -2 
1 1 -1 8 -1 13 -1 14 -1 16 -1 15 -1 18 -1 17 -1 18 -1 17 -1 19 -1 23 -1 24 -1 25 -1 24 -1 27 -1 29 -1 40 -1 41 -1 40 -1 41 -1 40 -1 43 -1 42 -1 43 -1 42 -1 43 -1 45 -1 44 -1 45 -1 46 -1 47 -1 46 -1 49 -1 48 -1 49 -1 52 -1 51 -1 52 -1 51 -1 52 -1 51 -1 52 -1 54 -1 53 -1 54 -1 53 -1 54 -1 53 -1 54 -1 53 -1 54 -1 -2 
1 1 -1 8 -1 13 -1 14 -1 16 -1 15 -1 18 -1 17 -1 18 -1 17 -1 19 -1 23 -1 24 -1 25 -1 24 -1 27 -1 29 -1 28 -1 29 -1 46 -1 47 -1 46 -1 47 -1 46 -1 52 -1 51 -1 52 -1 51 -1 52 -1 54 -1 53 -1 54 -1 53 -1 54 -1 53 -1 54 -1 -2 
1 1 -1 8 -1 13 -1 14 -1 16 -1 15 -1 18 -1 17 -1 18 -1 17 -1 19 -1 23 -1 24 -1 29 -1 40 -1 43 -1 46 -1 47 -1 46 -1 47 -1 46 -1 49 -1 52 -1 51 -1 52 -1 51 -1 52 -1 51 -1 52 -1 54 -1 53 -1 54 -1 -2 
1 1 -1 2 -1 1 -1 8 -1 12 -1 13 -1 14 -1 16 -1 15 -1 18 -1 17 -1 18 -1 17 -1 19 -1 23 -1 24 -1 29 -1 46 -1 47 -1 46 -1 47 -1 46 -1 47 -1 46 -1 49 -1 48 -1 49 -1 48 -1 49 -1 48 -1 49 -1 52 -1 51 -1 52 -1 54 -1 53 -1 54 -1 53 -1 54 -1 53 -1 54 -1 56 -1 -2 
1 1 -1 8 -1 13 -1 14 -1 16 -1 15 -1 18 -1 17 -1 18 -1 17 -1 19 -1 23 -1 24 -1 29 -1 28 -1 29 -1 40 -1 43 -1 46 -1 47 -1 46 -1 49 -1 48 -1 49 -1 52 -1 51 -1 52 -1 51 -1 52 -1 54 -1 53 -1 54 -1 53 -1 54 -1 53 -1 54 -1 56 -1 -2 
1 1 -1 8 -1 12 -1 13 -1 16 -1 18 -1 17 -1 18 -1 19 -1 23 -1 24 -1 29 -1 34 -1 35 -1 34 -1 37 -1 36 -1 37 -1 46 -1 47 -1 46 -1 47 -1 46 -1 47 -1 46 -1 49 -1 48 -1 49 -1 48 -1 49 -1 48 -1 49 -1 52 -1 51 -1 52 -1 54 -1 53 -1 54 -1 53 -1 54 -1 53 -1 54 -1 56 -1 -2 
1 1 -1 8 -1 13 -1 14 -1 16 -1 15 -1 17 -1 18 -1 17 -1 18 -1 17 -1 19 -1 23 -1 24 -1 29 -1 46 -1 47 -1 46 -1 49 -1 48 -1 49 -1 52 -1 51 -1 52 -1 51 -1 52 -1 51 -1 52 -1 51 -1 52 -1 51 -1 54 -1 53 -1 54 -1 53 -1 54 -1 53 -1 54 -1 -2 
1 1 -1 8 -1 13 -1 14 -1 16 -1 15 -1 18 -1 17 -1 18 -1 17 -1 19 -1 23 -1 24 -1 29 -1 28 -1 29 -1 40 -1 45 -1 46 -1 47 -1 46 -1 47 -1 46 -1 49 -1 48 -1 49 -1 48 -1 49 -1 51 -1 52 -1 51 -1 52 -1 51 -1 52 -1 51 -1 52 -1 51 -1 52 -1 54 -1 53 -1 54 -1 53 -1 54 -1 53 -1 54 -1 53 -1 54 -1 -2 
1 1 -1 8 -1 13 -1 14 -1 16 -1 15 -1 18 -1 17 -1 18 -1 17 -1 19 -1 23 -1 24 -1 29 -1 28 -1 29 -1 40 -1 45 -1 46 -1 49 -1 52 -1 51 -1 52 -1 51 -1 52 -1 51 -1 52 -1 54 -1 53 -1 54 -1 53 -1 54 -1 53 -1 54 -1 -2 
1 1 -1 8 -1 13 -1 14 -1 16 -1 15 -1 18 -1 17 -1 18 -1 17 -1 19 -1 23 -1 24 -1 29 -1 46 -1 47 -1 46 -1 47 -1 46 -1 49 -1 52 -1 51 -1 52 -1 51 -1 52 -1 51 -1 52 -1 51 -1 52 -1 54 -1 53 -1 54 -1 53 -1 54 -1 53 -1 54 -1 -2 
1 1 -1 8 -1 13 -1 14 -1 16 -1 15 -1 18 -1 17 -1 18 -1 17 -1 19 -1 23 -1 24 -1 29 -1 46 -1 47 -1 46 -1 47 -1 46 -1 49 -1 48 -1 49 -1 52 -1 51 -1 52 -1 51 -1 52 -1 51 -1 54 -1 53 -1 54 -1 53 -1 54 -1 53 -1 54 -1 53 -1 54 -1 -2 
1 1 -1 8 -1 12 -1 13 -1 14 -1 16 -1 15 -1 18 -1 17 -1 18 -1 17 -1 19 -1 23 -1 24 -1 29 -1 46 -1 47 -1 46 -1 47 -1 46 -1 47 -1 46 -1 49 -1 48 -1 49 -1 48 -1 49 -1 48 -1 49 -1 51 -1 52 -1 51 -1 52 -1 51 -1 52 -1 51 -1 52 -1 51 -1 52 -1 54 -1 53 -1 54 -1 53 -1 54 -1 53 -1 54 -1 -2 
1 1 -1 8 -1 13 -1 16 -1 18 -1 17 -1 18 -1 19 -1 23 -1 24 -1 29 -1 46 -1 47 -1 46 -1 47 -1 46 -1 49 -1 52 -1 51 -1 52 -1 51 -1 52 -1 54 -1 53 -1 54 -1 53 -1 54 -1 53 -1 54 -1 53 -1 54 -1 -2 
1 1 -1 2 -1 1 -1 8 -1 13 -1 14 -1 16 -1 15 -1 18 -1 17 -1 18 -1 17 -1 19 -1 20 -1 19 -1 23 -1 22 -1 23 -1 24 -1 25 -1 24 -1 29 -1 28 -1 29 -1 40 -1 43 -1 45 -1 52 -1 51 -1 52 -1 51 -1 52 -1 51 -1 52 -1 54 -1 53 -1 54 -1 53 -1 54 -1 53 -1 54 -1 56 -1 -2 
1 1 -1 8 -1 13 -1 14 -1 16 -1 15 -1 18 -1 17 -1 18 -1 17 -1 19 -1 20 -1 19 -1 23 -1 22 -1 23 -1 24 -1 25 -1 24 -1 29 -1 28 -1 29 -1 40 -1 45 -1 46 -1 47 -1 46 -1 49 -1 48 -1 49 -1 52 -1 51 -1 52 -1 51 -1 52 -1 51 -1 52 -1 54 -1 53 -1 54 -1 53 -1 54 -1 53 -1 54 -1 -2 
1 1 -1 8 -1 13 -1 14 -1 16 -1 15 -1 18 -1 17 -1 18 -1 17 -1 19 -1 20 -1 19 -1 23 -1 22 -1 23 -1 24 -1 25 -1 24 -1 29 -1 40 -1 45 -1 46 -1 47 -1 46 -1 49 -1 48 -1 49 -1 52 -1 51 -1 52 -1 51 -1 52 -1 51 -1 52 -1 54 -1 53 -1 54 -1 53 -1 54 -1 53 -1 54 -1 -2 
1 1 -1 8 -1 13 -1 14 -1 16 -1 15 -1 18 -1 17 -1 18 -1 17 -1 19 -1 23 -1 22 -1 23 -1 24 -1 25 -1 24 -1 29 -1 40 -1 45 -1 46 -1 47 -1 46 -1 47 -1 46 -1 49 -1 48 -1 49 -1 48 -1 49 -1 52 -1 51 -1 52 -1 51 -1 52 -1 51 -1 54 -1 53 -1 54 -1 53 -1 54 -1 53 -1 54 -1 -2 
1 1 -1 8 -1 13 -1 14 -1 16 -1 15 -1 18 -1 17 -1 18 -1 17 -1 19 -1 23 -1 24 -1 29 -1 40 -1 41 -1 40 -1 41 -1 40 -1 43 -1 42 -1 43 -1 45 -1 44 -1 45 -1 44 -1 45 -1 46 -1 47 -1 46 -1 47 -1 46 -1 49 -1 48 -1 49 -1 48 -1 49 -1 51 -1 52 -1 51 -1 52 -1 54 -1 53 -1 54 -1 53 -1 54 -1 53 -1 54 -1 -2 
1 1 -1 8 -1 13 -1 14 -1 16 -1 15 -1 18 -1 17 -1 18 -1 17 -1 19 -1 20 -1 19 -1 23 -1 22 -1 23 -1 24 -1 25 -1 24 -1 29 -1 40 -1 41 -1 40 -1 41 -1 40 -1 43 -1 42 -1 43 -1 45 -1 44 -1 45 -1 44 -1 45 -1 46 -1 47 -1 46 -1 49 -1 48 -1 49 -1 52 -1 51 -1 52 -1 51 -1 52 -1 51 -1 52 -1 54 -1 53 -1 54 -1 53 -1 54 -1 53 -1 54 -1 53 -1 54 -1 -2 
1 1 -1 2 -1 1 -1 8 -1 12 -1 13 -1 14 -1 16 -1 15 -1 18 -1 17 -1 18 -1 17 -1 19 -1 23 -1 24 -1 29 -1 46 -1 47 -1 46 -1 47 -1 46 -1 49 -1 52 -1 51 -1 52 -1 51 -1 52 -1 54 -1 53 -1 54 -1 53 -1 54 -1 53 -1 54 -1 56 -1 -2 
1 1 -1 8 -1 13 -1 14 -1 16 -1 15 -1 18 -1 17 -1 18 -1 17 -1 19 -1 23 -1 24 -1 25 -1 24 -1 27 -1 29 -1 28 -1 29 -1 46 -1 47 -1 46 -1 49 -1 52 -1 51 -1 52 -1 51 -1 52 -1 54 -1 53 -1 54 -1 53 -1 54 -1 53 -1 54 -1 53 -1 54 -1 -2 
1 1 -1 8 -1 13 -1 14 -1 16 -1 15 -1 18 -1 17 -1 18 -1 17 -1 19 -1 23 -1 24 -1 25 -1 24 -1 29 -1 46 -1 47 -1 46 -1 47 -1 46 -1 49 -1 48 -1 49 -1 48 -1 49 -1 52 -1 51 -1 52 -1 54 -1 53 -1 54 -1 53 -1 54 -1 53 -1 54 -1 56 -1 -2 
1 1 -1 8 -1 13 -1 14 -1 16 -1 15 -1 18 -1 17 -1 18 -1 17 -1 19 -1 23 -1 24 -1 25 -1 24 -1 29 -1 28 -1 29 -1 34 -1 37 -1 46 -1 47 -1 46 -1 52 -1 51 -1 52 -1 51 -1 52 -1 54 -1 53 -1 54 -1 53 -1 54 -1 53 -1 54 -1 53 -1 54 -1 -2 
2 1 -1 2 -1 1 -1 8 -1 13 -1 16 -1 18 -1 17 -1 18 -1 19 -1 23 -1 24 -1 25 -1 24 -1 29 -1 46 -1 47 -1 46 -1 49 -1 48 -1 49 -1 52 -1 51 -1 52 -1 51 -1 52 -1 54 -1 -2 
2 1 -1 8 -1 13 -1 14 -1 16 -1 15 -1 18 -1 17 -1 18 -1 19 -1 23 -1 24 -1 25 -1 24 -1 27 -1 29 -1 46 -1 49 -1 52 -1 51 -1 52 -1 51 -1 52 -1 51 -1 52 -1 54 -1 53 -1 54 -1 53 -1 54 -1 -2 
2 1 -1 8 -1 14 -1 13 -1 15 -1 16 -1 18 -1 17 -1 18 -1 19 -1 23 -1 24 -1 25 -1 24 -1 29 -1 46 -1 49 -1 52 -1 51 -1 52 -1 51 -1 52 -1 51 -1 52 -1 54 -1 53 -1 54 -1 53 -1 54 -1 53 -1 54 -1 -2 
2 1 -1 8 -1 13 -1 14 -1 16 -1 15 -1 18 -1 17 -1 18 -1 17 -1 19 -1 23 -1 24 -1 25 -1 24 -1 25 -1 24 -1 27 -1 29 -1 46 -1 49 -1 52 -1 51 -1 52 -1 51 -1 52 -1 54 -1 53 -1 54 -1 -2 
2 1 -1 8 -1 13 -1 16 -1 18 -1 17 -1 18 -1 19 -1 23 -1 24 -1 25 -1 24 -1 29 -1 52 -1 51 -1 52 -1 51 -1 52 -1 51 -1 52 -1 51 -1 52 -1 54 -1 53 -1 54 -1 -2 
2 1 -1 8 -1 13 -1 16 -1 18 -1 17 -1 18 -1 19 -1 23 -1 24 -1 25 -1 24 -1 27 -1 29 -1 52 -1 51 -1 52 -1 51 -1 52 -1 51 -1 52 -1 54 -1 53 -1 54 -1 53 -1 54 -1 53 -1 54 -1 -2 
2 1 -1 8 -1 13 -1 14 -1 16 -1 15 -1 18 -1 17 -1 18 -1 19 -1 23 -1 24 -1 25 -1 24 -1 29 -1 52 -1 51 -1 52 -1 51 -1 52 -1 51 -1 52 -1 51 -1 52 -1 54 -1 53 -1 54 -1 53 -1 54 -1 56 -1 -2 
2 1 -1 8 -1 13 -1 16 -1 18 -1 17 -1 18 -1 19 -1 23 -1 24 -1 25 -1 24 -1 25 -1 24 -1 27 -1 29 -1 46 -1 49 -1 52 -1 51 -1 52 -1 51 -1 52 -1 54 -1 53 -1 54 -1 53 -1 54 -1 -2 
2 1 -1 8 -1 13 -1 14 -1 16 -1 15 -1 18 -1 17 -1 18 -1 19 -1 23 -1 24 -1 25 -1 24 -1 29 -1 46 -1 47 -1 46 -1 49 -1 52 -1 51 -1 52 -1 51 -1 52 -1 54 -1 53 -1 54 -1 53 -1 54 -1 56 -1 -2 
2 1 -1 8 -1 13 -1 14 -1 16 -1 15 -1 18 -1 17 -1 18 -1 19 -1 23 -1 24 -1 25 -1 24 -1 27 -1 29 -1 52 -1 51 -1 52 -1 51 -1 52 -1 51 -1 52 -1 54 -1 53 -1 54 -1 -2 
2 1 -1 2 -1 1 -1 8 -1 18 -1 17 -1 18 -1 19 -1 23 -1 24 -1 25 -1 24 -1 29 -1 46 -1 49 -1 52 -1 51 -1 52 -1 51 -1 52 -1 51 -1 52 -1 54 -1 53 -1 54 -1 53 -1 54 -1 53 -1 54 -1 -2 
2 1 -1 8 -1 13 -1 14 -1 16 -1 15 -1 18 -1 17 -1 18 -1 17 -1 19 -1 23 -1 24 -1 25 -1 24 -1 29 -1 46 -1 49 -1 52 -1 51 -1 52 -1 51 -1 52 -1 51 -1 52 -1 54 -1 53 -1 54 -1 53 -1 54 -1 53 -1 54 -1 53 -1 54 -1 -2 
2 1 -1 2 -1 1 -1 8 -1 14 -1 15 -1 18 -1 17 -1 18 -1 17 -1 19 -1 23 -1 24 -1 25 -1 24 -1 25 -1 24 -1 29 -1 46 -1 52 -1 51 -1 52 -1 51 -1 52 -1 51 -1 52 -1 51 -1 52 -1 54 -1 53 -1 54 -1 53 -1 54 -1 53 -1 54 -1 -2 
2 1 -1 8 -1 13 -1 14 -1 13 -1 16 -1 15 -1 16 -1 18 -1 17 -1 18 -1 19 -1 23 -1 24 -1 25 -1 24 -1 27 -1 29 -1 46 -1 52 -1 51 -1 52 -1 51 -1 52 -1 54 -1 53 -1 54 -1 53 -1 54 -1 -2 
2 1 -1 8 -1 14 -1 13 -1 14 -1 15 -1 16 -1 15 -1 18 -1 17 -1 18 -1 19 -1 23 -1 24 -1 25 -1 24 -1 29 -1 52 -1 51 -1 52 -1 51 -1 52 -1 51 -1 52 -1 51 -1 52 -1 51 -1 52 -1 54 -1 53 -1 54 -1 53 -1 54 -1 53 -1 54 -1 -2 
2 1 -1 8 -1 13 -1 14 -1 16 -1 15 -1 18 -1 17 -1 18 -1 17 -1 19 -1 23 -1 24 -1 25 -1 24 -1 27 -1 29 -1 52 -1 51 -1 52 -1 51 -1 52 -1 54 -1 53 -1 54 -1 -2 
2 1 -1 8 -1 14 -1 15 -1 18 -1 17 -1 18 -1 17 -1 19 -1 23 -1 24 -1 25 -1 24 -1 25 -1 24 -1 27 -1 29 -1 46 -1 47 -1 46 -1 52 -1 51 -1 52 -1 51 -1 52 -1 51 -1 52 -1 51 -1 52 -1 54 -1 53 -1 54 -1 53 -1 54 -1 -2 
2 1 -1 8 -1 13 -1 14 -1 16 -1 15 -1 18 -1 17 -1 18 -1 17 -1 19 -1 23 -1 24 -1 25 -1 24 -1 27 -1 29 -1 46 -1 52 -1 51 -1 52 -1 51 -1 52 -1 54 -1 53 -1 54 -1 53 -1 54 -1 -2 
2 1 -1 8 -1 13 -1 14 -1 16 -1 15 -1 18 -1 17 -1 18 -1 19 -1 23 -1 24 -1 29 -1 52 -1 51 -1 52 -1 51 -1 52 -1 51 -1 52 -1 54 -1 53 -1 54 -1 53 -1 54 -1 56 -1 -2 
2 1 -1 8 -1 13 -1 14 -1 16 -1 15 -1 18 -1 17 -1 18 -1 19 -1 23 -1 24 -1 25 -1 24 -1 29 -1 52 -1 51 -1 52 -1 51 -1 52 -1 54 -1 53 -1 54 -1 53 -1 54 -1 -2 
2 1 -1 8 -1 7 -1 8 -1 7 -1 8 -1 10 -1 13 -1 16 -1 18 -1 17 -1 18 -1 17 -1 18 -1 19 -1 23 -1 24 -1 25 -1 24 -1 25 -1 24 -1 29 -1 40 -1 45 -1 52 -1 51 -1 52 -1 51 -1 52 -1 51 -1 52 -1 54 -1 53 -1 54 -1 56 -1 -2 
2 1 -1 8 -1 13 -1 14 -1 16 -1 15 -1 18 -1 17 -1 18 -1 17 -1 19 -1 23 -1 24 -1 25 -1 24 -1 29 -1 40 -1 45 -1 52 -1 51 -1 52 -1 51 -1 52 -1 54 -1 53 -1 54 -1 53 -1 54 -1 53 -1 54 -1 -2 
2 1 -1 8 -1 13 -1 14 -1 16 -1 15 -1 18 -1 17 -1 18 -1 17 -1 19 -1 23 -1 24 -1 25 -1 24 -1 25 -1 24 -1 27 -1 29 -1 40 -1 45 -1 52 -1 51 -1 52 -1 51 -1 52 -1 51 -1 52 -1 54 -1 53 -1 54 -1 53 -1 54 -1 56 -1 -2 
2 1 -1 8 -1 13 -1 14 -1 16 -1 15 -1 18 -1 17 -1 18 -1 17 -1 19 -1 23 -1 24 -1 25 -1 24 -1 25 -1 24 -1 27 -1 29 -1 40 -1 45 -1 52 -1 51 -1 52 -1 51 -1 52 -1 54 -1 53 -1 54 -1 53 -1 54 -1 -2 
2 1 -1 8 -1 13 -1 14 -1 16 -1 15 -1 18 -1 17 -1 18 -1 17 -1 19 -1 23 -1 24 -1 25 -1 24 -1 25 -1 24 -1 29 -1 28 -1 29 -1 40 -1 45 -1 46 -1 49 -1 52 -1 51 -1 52 -1 51 -1 52 -1 51 -1 52 -1 54 -1 53 -1 54 -1 53 -1 54 -1 56 -1 -2 
2 1 -1 8 -1 13 -1 14 -1 16 -1 15 -1 18 -1 17 -1 18 -1 17 -1 19 -1 23 -1 24 -1 29 -1 40 -1 43 -1 45 -1 52 -1 51 -1 52 -1 54 -1 53 -1 54 -1 53 -1 54 -1 -2 
2 1 -1 8 -1 13 -1 14 -1 16 -1 15 -1 18 -1 17 -1 18 -1 17 -1 19 -1 23 -1 24 -1 25 -1 24 -1 29 -1 40 -1 43 -1 45 -1 52 -1 51 -1 52 -1 51 -1 52 -1 51 -1 52 -1 51 -1 52 -1 54 -1 53 -1 54 -1 -2 
2 1 -1 8 -1 13 -1 14 -1 16 -1 15 -1 18 -1 17 -1 18 -1 17 -1 19 -1 23 -1 24 -1 29 -1 40 -1 43 -1 45 -1 46 -1 49 -1 52 -1 51 -1 52 -1 51 -1 52 -1 54 -1 53 -1 54 -1 -2 
2 1 -1 8 -1 10 -1 13 -1 14 -1 16 -1 15 -1 18 -1 17 -1 18 -1 17 -1 19 -1 23 -1 24 -1 29 -1 40 -1 45 -1 52 -1 51 -1 52 -1 51 -1 52 -1 51 -1 52 -1 51 -1 52 -1 51 -1 52 -1 54 -1 53 -1 54 -1 53 -1 54 -1 -2 
2 1 -1 8 -1 13 -1 14 -1 16 -1 15 -1 18 -1 17 -1 18 -1 17 -1 19 -1 23 -1 24 -1 25 -1 24 -1 29 -1 40 -1 45 -1 46 -1 47 -1 46 -1 49 -1 52 -1 51 -1 52 -1 54 -1 53 -1 54 -1 -2 
2 1 -1 8 -1 13 -1 14 -1 16 -1 15 -1 18 -1 17 -1 18 -1 17 -1 18 -1 17 -1 19 -1 23 -1 24 -1 29 -1 40 -1 45 -1 52 -1 51 -1 52 -1 51 -1 52 -1 51 -1 52 -1 54 -1 53 -1 54 -1 53 -1 54 -1 -2 
2 1 -1 8 -1 13 -1 14 -1 16 -1 15 -1 18 -1 17 -1 18 -1 17 -1 19 -1 23 -1 24 -1 25 -1 24 -1 25 -1 24 -1 27 -1 29 -1 28 -1 29 -1 40 -1 45 -1 46 -1 47 -1 46 -1 47 -1 46 -1 52 -1 51 -1 52 -1 51 -1 52 -1 51 -1 52 -1 51 -1 52 -1 51 -1 52 -1 54 -1 53 -1 54 -1 -2 
2 1 -1 8 -1 13 -1 14 -1 16 -1 15 -1 18 -1 17 -1 18 -1 17 -1 19 -1 23 -1 24 -1 25 -1 24 -1 29 -1 40 -1 41 -1 40 -1 43 -1 45 -1 44 -1 45 -1 46 -1 52 -1 51 -1 52 -1 51 -1 52 -1 51 -1 52 -1 54 -1 53 -1 54 -1 53 -1 54 -1 -2 
2 1 -1 8 -1 13 -1 14 -1 16 -1 15 -1 18 -1 17 -1 18 -1 17 -1 19 -1 23 -1 24 -1 25 -1 24 -1 25 -1 24 -1 29 -1 40 -1 41 -1 40 -1 45 -1 44 -1 45 -1 52 -1 51 -1 52 -1 51 -1 52 -1 51 -1 52 -1 54 -1 53 -1 54 -1 53 -1 54 -1 56 -1 -2 
2 1 -1 8 -1 13 -1 14 -1 16 -1 15 -1 18 -1 17 -1 18 -1 17 -1 19 -1 23 -1 24 -1 25 -1 24 -1 27 -1 29 -1 40 -1 41 -1 40 -1 43 -1 45 -1 44 -1 45 -1 52 -1 51 -1 52 -1 51 -1 52 -1 51 -1 52 -1 54 -1 53 -1 54 -1 53 -1 54 -1 53 -1 54 -1 -2 
2 1 -1 8 -1 13 -1 14 -1 16 -1 15 -1 18 -1 17 -1 18 -1 17 -1 19 -1 23 -1 24 -1 25 -1 24 -1 27 -1 29 -1 40 -1 41 -1 40 -1 45 -1 44 -1 45 -1 46 -1 47 -1 46 -1 49 -1 48 -1 49 -1 52 -1 51 -1 52 -1 51 -1 52 -1 54 -1 53 -1 54 -1 53 -1 54 -1 -2 
2 1 -1 8 -1 13 -1 14 -1 16 -1 15 -1 18 -1 17 -1 18 -1 17 -1 19 -1 23 -1 24 -1 25 -1 24 -1 29 -1 40 -1 41 -1 40 -1 45 -1 44 -1 45 -1 52 -1 51 -1 52 -1 51 -1 52 -1 51 -1 54 -1 53 -1 54 -1 53 -1 54 -1 53 -1 54 -1 -2 
2 1 -1 8 -1 13 -1 16 -1 18 -1 17 -1 18 -1 19 -1 23 -1 24 -1 25 -1 24 -1 25 -1 24 -1 27 -1 29 -1 40 -1 41 -1 40 -1 43 -1 45 -1 44 -1 45 -1 46 -1 51 -1 52 -1 51 -1 52 -1 51 -1 52 -1 51 -1 52 -1 51 -1 54 -1 53 -1 54 -1 53 -1 54 -1 53 -1 54 -1 -2 
2 1 -1 8 -1 13 -1 14 -1 16 -1 15 -1 18 -1 17 -1 18 -1 19 -1 24 -1 27 -1 29 -1 51 -1 52 -1 51 -1 52 -1 51 -1 52 -1 51 -1 52 -1 51 -1 52 -1 54 -1 53 -1 54 -1 53 -1 54 -1 53 -1 54 -1 -2 
2 1 -1 8 -1 13 -1 14 -1 16 -1 15 -1 18 -1 17 -1 18 -1 17 -1 19 -1 23 -1 24 -1 25 -1 24 -1 25 -1 24 -1 27 -1 26 -1 27 -1 29 -1 46 -1 47 -1 46 -1 47 -1 46 -1 49 -1 48 -1 49 -1 52 -1 51 -1 52 -1 51 -1 52 -1 51 -1 52 -1 54 -1 53 -1 54 -1 53 -1 54 -1 53 -1 54 -1 53 -1 54 -1 53 -1 54 -1 53 -1 54 -1 -2 
2 1 -1 8 -1 13 -1 16 -1 18 -1 17 -1 18 -1 19 -1 23 -1 24 -1 25 -1 24 -1 25 -1 24 -1 27 -1 26 -1 27 -1 29 -1 46 -1 52 -1 51 -1 52 -1 51 -1 52 -1 51 -1 52 -1 54 -1 53 -1 54 -1 53 -1 54 -1 53 -1 54 -1 53 -1 54 -1 -2 
2 1 -1 8 -1 13 -1 14 -1 16 -1 15 -1 18 -1 17 -1 18 -1 17 -1 19 -1 23 -1 24 -1 25 -1 24 -1 25 -1 24 -1 27 -1 26 -1 27 -1 29 -1 40 -1 43 -1 46 -1 49 -1 52 -1 51 -1 52 -1 51 -1 52 -1 54 -1 53 -1 54 -1 53 -1 54 -1 53 -1 54 -1 53 -1 54 -1 -2 
2 1 -1 8 -1 13 -1 14 -1 16 -1 15 -1 18 -1 17 -1 18 -1 17 -1 19 -1 23 -1 24 -1 25 -1 24 -1 25 -1 24 -1 27 -1 26 -1 27 -1 29 -1 52 -1 51 -1 52 -1 51 -1 52 -1 51 -1 52 -1 51 -1 52 -1 54 -1 53 -1 54 -1 53 -1 54 -1 53 -1 54 -1 53 -1 54 -1 -2 
2 1 -1 8 -1 13 -1 16 -1 18 -1 17 -1 18 -1 19 -1 23 -1 24 -1 25 -1 24 -1 25 -1 24 -1 27 -1 26 -1 27 -1 29 -1 52 -1 51 -1 52 -1 51 -1 52 -1 54 -1 53 -1 54 -1 53 -1 54 -1 53 -1 54 -1 53 -1 54 -1 -2 
2 1 -1 8 -1 13 -1 16 -1 18 -1 17 -1 18 -1 19 -1 23 -1 24 -1 25 -1 24 -1 25 -1 24 -1 27 -1 26 -1 27 -1 29 -1 46 -1 47 -1 46 -1 52 -1 51 -1 52 -1 51 -1 52 -1 51 -1 52 -1 51 -1 52 -1 54 -1 53 -1 54 -1 53 -1 54 -1 53 -1 54 -1 56 -1 -2 
2 1 -1 8 -1 13 -1 14 -1 16 -1 15 -1 18 -1 17 -1 18 -1 17 -1 19 -1 23 -1 24 -1 25 -1 24 -1 25 -1 24 -1 27 -1 26 -1 27 -1 29 -1 46 -1 47 -1 46 -1 49 -1 52 -1 51 -1 52 -1 51 -1 52 -1 51 -1 54 -1 53 -1 54 -1 53 -1 54 -1 53 -1 54 -1 -2 
2 1 -1 2 -1 1 -1 8 -1 13 -1 14 -1 16 -1 15 -1 18 -1 17 -1 18 -1 17 -1 19 -1 23 -1 24 -1 25 -1 24 -1 25 -1 24 -1 27 -1 29 -1 46 -1 49 -1 51 -1 52 -1 51 -1 52 -1 51 -1 52 -1 51 -1 52 -1 51 -1 52 -1 54 -1 53 -1 54 -1 53 -1 54 -1 56 -1 -2 
2 1 -1 8 -1 7 -1 13 -1 14 -1 13 -1 16 -1 15 -1 16 -1 18 -1 17 -1 18 -1 19 -1 23 -1 24 -1 25 -1 24 -1 25 -1 24 -1 27 -1 26 -1 27 -1 29 -1 52 -1 51 -1 52 -1 51 -1 52 -1 51 -1 52 -1 51 -1 52 -1 54 -1 53 -1 54 -1 53 -1 54 -1 53 -1 54 -1 53 -1 54 -1 -2 
3 1 -1 8 -1 7 -1 8 -1 14 -1 13 -1 14 -1 13 -1 14 -1 13 -1 14 -1 13 -1 14 -1 13 -1 14 -1 13 -1 14 -1 13 -1 15 -1 16 -1 15 -1 16 -1 15 -1 16 -1 15 -1 16 -1 15 -1 16 -1 15 -1 16 -1 15 -1 16 -1 18 -1 17 -1 18 -1 24 -1 25 -1 24 -1 27 -1 46 -1 47 -1 46 -1 49 -1 52 -1 51 -1 52 -1 51 -1 52 -1 51 -1 52 -1 51 -1 52 -1 54 -1 -2 
3 1 -1 2 -1 1 -1 8 -1 13 -1 14 -1 13 -1 14 -1 13 -1 14 -1 13 -1 14 -1 16 -1 15 -1 16 -1 15 -1 16 -1 15 -1 16 -1 15 -1 18 -1 17 -1 18 -1 19 -1 24 -1 25 -1 24 -1 27 -1 26 -1 27 -1 29 -1 46 -1 49 -1 52 -1 51 -1 52 -1 51 -1 52 -1 54 -1 -2 
3 1 -1 8 -1 13 -1 14 -1 13 -1 14 -1 13 -1 14 -1 13 -1 14 -1 13 -1 14 -1 13 -1 14 -1 13 -1 14 -1 13 -1 14 -1 13 -1 14 -1 13 -1 14 -1 13 -1 14 -1 13 -1 14 -1 13 -1 14 -1 13 -1 16 -1 15 -1 16 -1 15 -1 16 -1 15 -1 16 -1 15 -1 16 -1 15 -1 16 -1 15 -1 16 -1 15 -1 16 -1 15 -1 16 -1 15 -1 16 -1 15 -1 16 -1 15 -1 16 -1 15 -1 16 -1 15 -1 16 -1 18 -1 17 -1 18 -1 19 -1 24 -1 25 -1 24 -1 27 -1 26 -1 27 -1 29 -1 46 -1 49 -1 52 -1 54 -1 53 -1 54 -1 53 -1 54 -1 53 -1 54 -1 -2 
3 1 -1 8 -1 13 -1 14 -1 13 -1 14 -1 13 -1 14 -1 13 -1 14 -1 13 -1 14 -1 13 -1 14 -1 13 -1 14 -1 13 -1 14 -1 16 -1 15 -1 16 -1 15 -1 16 -1 15 -1 16 -1 15 -1 16 -1 15 -1 16 -1 15 -1 16 -1 15 -1 16 -1 15 -1 18 -1 17 -1 18 -1 19 -1 23 -1 24 -1 25 -1 24 -1 25 -1 24 -1 27 -1 26 -1 27 -1 29 -1 46 -1 49 -1 52 -1 51 -1 52 -1 51 -1 52 -1 51 -1 52 -1 51 -1 52 -1 54 -1 -2 
3 1 -1 8 -1 13 -1 14 -1 13 -1 14 -1 13 -1 14 -1 13 -1 14 -1 13 -1 14 -1 16 -1 15 -1 16 -1 15 -1 16 -1 15 -1 16 -1 15 -1 16 -1 15 -1 18 -1 17 -1 18 -1 19 -1 24 -1 25 -1 24 -1 27 -1 26 -1 27 -1 29 -1 46 -1 49 -1 52 -1 51 -1 52 -1 54 -1 53 -1 54 -1 -2 
3 13 -1 14 -1 13 -1 14 -1 13 -1 14 -1 16 -1 15 -1 16 -1 15 -1 16 -1 15 -1 18 -1 17 -1 19 -1 23 -1 24 -1 29 -1 46 -1 49 -1 52 -1 51 -1 52 -1 51 -1 52 -1 51 -1 52 -1 51 -1 52 -1 54 -1 53 -1 54 -1 -2 
3 2 -1 1 -1 7 -1 8 -1 14 -1 13 -1 14 -1 13 -1 14 -1 13 -1 14 -1 13 -1 14 -1 13 -1 14 -1 13 -1 14 -1 13 -1 14 -1 13 -1 14 -1 15 -1 16 -1 15 -1 16 -1 15 -1 16 -1 15 -1 16 -1 15 -1 16 -1 15 -1 16 -1 15 -1 16 -1 15 -1 16 -1 15 -1 18 -1 17 -1 18 -1 17 -1 19 -1 23 -1 24 -1 25 -1 24 -1 25 -1 24 -1 27 -1 29 -1 40 -1 41 -1 40 -1 45 -1 44 -1 45 -1 52 -1 51 -1 52 -1 51 -1 52 -1 51 -1 52 -1 51 -1 52 -1 54 -1 53 -1 54 -1 -2 
3 1 -1 8 -1 12 -1 13 -1 14 -1 13 -1 14 -1 13 -1 14 -1 13 -1 14 -1 13 -1 14 -1 16 -1 15 -1 16 -1 15 -1 16 -1 15 -1 16 -1 15 -1 16 -1 15 -1 18 -1 17 -1 18 -1 17 -1 19 -1 23 -1 24 -1 25 -1 24 -1 27 -1 29 -1 52 -1 51 -1 52 -1 51 -1 52 -1 51 -1 52 -1 51 -1 52 -1 54 -1 53 -1 54 -1 -2 
3 1 -1 8 -1 13 -1 14 -1 13 -1 14 -1 13 -1 14 -1 13 -1 14 -1 13 -1 14 -1 13 -1 14 -1 13 -1 14 -1 13 -1 14 -1 13 -1 14 -1 13 -1 16 -1 15 -1 16 -1 15 -1 16 -1 15 -1 16 -1 15 -1 16 -1 15 -1 16 -1 15 -1 16 -1 15 -1 16 -1 15 -1 16 -1 15 -1 16 -1 18 -1 17 -1 18 -1 19 -1 23 -1 24 -1 25 -1 24 -1 25 -1 24 -1 27 -1 29 -1 52 -1 51 -1 52 -1 51 -1 52 -1 51 -1 52 -1 51 -1 52 -1 54 -1 -2 
3 1 -1 8 -1 12 -1 14 -1 13 -1 14 -1 13 -1 14 -1 13 -1 14 -1 13 -1 14 -1 13 -1 14 -1 13 -1 14 -1 13 -1 14 -1 15 -1 16 -1 15 -1 16 -1 15 -1 16 -1 15 -1 16 -1 15 -1 16 -1 15 -1 16 -1 15 -1 16 -1 15 -1 18 -1 17 -1 18 -1 17 -1 19 -1 23 -1 24 -1 25 -1 24 -1 25 -1 24 -1 27 -1 26 -1 27 -1 29 -1 52 -1 51 -1 52 -1 54 -1 53 -1 54 -1 53 -1 54 -1 53 -1 54 -1 -2 
3 1 -1 8 -1 10 -1 13 -1 14 -1 13 -1 14 -1 13 -1 14 -1 13 -1 14 -1 16 -1 15 -1 16 -1 15 -1 16 -1 15 -1 16 -1 15 -1 18 -1 17 -1 18 -1 17 -1 19 -1 23 -1 24 -1 25 -1 24 -1 27 -1 29 -1 52 -1 51 -1 52 -1 51 -1 52 -1 54 -1 53 -1 54 -1 -2 
3 1 -1 8 -1 13 -1 14 -1 13 -1 14 -1 13 -1 14 -1 13 -1 14 -1 13 -1 14 -1 16 -1 15 -1 16 -1 15 -1 16 -1 15 -1 16 -1 15 -1 16 -1 15 -1 18 -1 17 -1 18 -1 17 -1 19 -1 23 -1 24 -1 25 -1 24 -1 27 -1 29 -1 52 -1 51 -1 52 -1 51 -1 52 -1 51 -1 52 -1 51 -1 52 -1 51 -1 52 -1 -2 
3 1 -1 8 -1 13 -1 14 -1 13 -1 14 -1 13 -1 14 -1 13 -1 14 -1 13 -1 14 -1 13 -1 14 -1 13 -1 14 -1 13 -1 14 -1 13 -1 16 -1 15 -1 16 -1 15 -1 16 -1 15 -1 16 -1 15 -1 16 -1 15 -1 16 -1 15 -1 16 -1 15 -1 16 -1 15 -1 16 -1 18 -1 17 -1 18 -1 19 -1 23 -1 24 -1 25 -1 24 -1 27 -1 29 -1 52 -1 51 -1 52 -1 51 -1 52 -1 51 -1 52 -1 51 -1 52 -1 54 -1 53 -1 54 -1 -2 
3 1 -1 8 -1 13 -1 14 -1 13 -1 14 -1 13 -1 14 -1 13 -1 14 -1 13 -1 14 -1 16 -1 15 -1 16 -1 15 -1 16 -1 15 -1 16 -1 15 -1 16 -1 15 -1 18 -1 17 -1 18 -1 17 -1 19 -1 23 -1 24 -1 25 -1 24 -1 25 -1 24 -1 27 -1 29 -1 52 -1 54 -1 53 -1 54 -1 53 -1 54 -1 -2 
3 1 -1 8 -1 13 -1 14 -1 13 -1 14 -1 13 -1 14 -1 13 -1 14 -1 13 -1 14 -1 13 -1 14 -1 13 -1 14 -1 13 -1 14 -1 13 -1 14 -1 13 -1 14 -1 13 -1 14 -1 13 -1 14 -1 13 -1 14 -1 13 -1 14 -1 16 -1 15 -1 16 -1 15 -1 16 -1 15 -1 16 -1 15 -1 16 -1 15 -1 16 -1 15 -1 16 -1 15 -1 16 -1 15 -1 16 -1 15 -1 16 -1 15 -1 16 -1 15 -1 16 -1 15 -1 16 -1 15 -1 16 -1 15 -1 18 -1 17 -1 18 -1 17 -1 19 -1 23 -1 24 -1 25 -1 24 -1 25 -1 24 -1 27 -1 26 -1 27 -1 29 -1 52 -1 51 -1 52 -1 51 -1 52 -1 51 -1 52 -1 51 -1 52 -1 54 -1 53 -1 54 -1 53 -1 54 -1 -2 
3 1 -1 8 -1 14 -1 13 -1 14 -1 13 -1 14 -1 13 -1 14 -1 13 -1 14 -1 15 -1 16 -1 15 -1 16 -1 15 -1 16 -1 15 -1 16 -1 15 -1 18 -1 17 -1 18 -1 17 -1 19 -1 23 -1 24 -1 25 -1 24 -1 25 -1 24 -1 29 -1 46 -1 49 -1 52 -1 51 -1 52 -1 51 -1 52 -1 51 -1 52 -1 54 -1 53 -1 54 -1 -2 
3 1 -1 8 -1 13 -1 14 -1 13 -1 14 -1 13 -1 14 -1 13 -1 14 -1 13 -1 14 -1 13 -1 14 -1 13 -1 14 -1 13 -1 14 -1 13 -1 14 -1 13 -1 14 -1 13 -1 14 -1 13 -1 14 -1 13 -1 14 -1 13 -1 14 -1 13 -1 14 -1 13 -1 16 -1 15 -1 16 -1 15 -1 16 -1 15 -1 16 -1 15 -1 16 -1 15 -1 16 -1 15 -1 16 -1 15 -1 16 -1 15 -1 16 -1 15 -1 16 -1 15 -1 16 -1 15 -1 16 -1 15 -1 16 -1 15 -1 16 -1 15 -1 16 -1 15 -1 16 -1 18 -1 17 -1 18 -1 19 -1 23 -1 24 -1 25 -1 24 -1 27 -1 29 -1 52 -1 51 -1 52 -1 51 -1 52 -1 54 -1 53 -1 54 -1 53 -1 54 -1 -2 
3 1 -1 8 -1 13 -1 14 -1 13 -1 14 -1 13 -1 14 -1 13 -1 14 -1 13 -1 14 -1 13 -1 14 -1 16 -1 15 -1 16 -1 15 -1 16 -1 15 -1 16 -1 15 -1 16 -1 15 -1 16 -1 15 -1 18 -1 17 -1 18 -1 17 -1 19 -1 23 -1 24 -1 25 -1 24 -1 27 -1 29 -1 52 -1 51 -1 52 -1 51 -1 52 -1 51 -1 52 -1 54 -1 53 -1 54 -1 -2 
3 1 -1 8 -1 13 -1 14 -1 13 -1 14 -1 13 -1 14 -1 13 -1 14 -1 13 -1 14 -1 13 -1 14 -1 13 -1 14 -1 13 -1 14 -1 13 -1 14 -1 13 -1 14 -1 13 -1 14 -1 13 -1 14 -1 13 -1 14 -1 13 -1 14 -1 13 -1 14 -1 13 -1 16 -1 15 -1 16 -1 15 -1 16 -1 15 -1 16 -1 15 -1 16 -1 15 -1 16 -1 15 -1 16 -1 15 -1 16 -1 15 -1 16 -1 15 -1 16 -1 15 -1 16 -1 15 -1 16 -1 15 -1 16 -1 15 -1 16 -1 15 -1 16 -1 15 -1 16 -1 18 -1 17 -1 18 -1 19 -1 23 -1 24 -1 25 -1 24 -1 25 -1 24 -1 27 -1 26 -1 27 -1 29 -1 52 -1 51 -1 52 -1 54 -1 53 -1 54 -1 -2 
3 1 -1 8 -1 13 -1 14 -1 13 -1 14 -1 13 -1 14 -1 13 -1 14 -1 13 -1 14 -1 13 -1 14 -1 16 -1 15 -1 16 -1 15 -1 16 -1 15 -1 16 -1 15 -1 16 -1 15 -1 16 -1 15 -1 18 -1 17 -1 18 -1 17 -1 19 -1 23 -1 24 -1 25 -1 24 -1 27 -1 29 -1 46 -1 47 -1 46 -1 49 -1 52 -1 54 -1 53 -1 54 -1 53 -1 54 -1 53 -1 54 -1 -2 
3 1 -1 4 -1 8 -1 7 -1 8 -1 12 -1 13 -1 14 -1 13 -1 14 -1 13 -1 14 -1 13 -1 14 -1 13 -1 14 -1 13 -1 14 -1 13 -1 14 -1 16 -1 15 -1 16 -1 15 -1 16 -1 15 -1 16 -1 15 -1 16 -1 15 -1 16 -1 15 -1 16 -1 15 -1 18 -1 17 -1 18 -1 19 -1 23 -1 24 -1 25 -1 24 -1 29 -1 54 -1 53 -1 54 -1 53 -1 54 -1 -2 
3 1 -1 8 -1 13 -1 14 -1 13 -1 14 -1 13 -1 14 -1 13 -1 14 -1 16 -1 15 -1 16 -1 15 -1 16 -1 15 -1 16 -1 15 -1 18 -1 17 -1 18 -1 17 -1 19 -1 23 -1 24 -1 25 -1 24 -1 27 -1 29 -1 40 -1 41 -1 40 -1 43 -1 42 -1 43 -1 42 -1 43 -1 45 -1 52 -1 51 -1 52 -1 54 -1 53 -1 54 -1 -2 
3 1 -1 8 -1 12 -1 14 -1 13 -1 14 -1 13 -1 14 -1 13 -1 14 -1 13 -1 14 -1 15 -1 16 -1 15 -1 16 -1 15 -1 16 -1 15 -1 16 -1 15 -1 18 -1 17 -1 18 -1 17 -1 19 -1 23 -1 24 -1 25 -1 24 -1 29 -1 40 -1 43 -1 45 -1 46 -1 49 -1 54 -1 53 -1 54 -1 -2 
3 1 -1 8 -1 13 -1 14 -1 13 -1 14 -1 13 -1 14 -1 13 -1 14 -1 13 -1 14 -1 13 -1 14 -1 13 -1 14 -1 13 -1 14 -1 13 -1 14 -1 13 -1 14 -1 16 -1 15 -1 16 -1 15 -1 16 -1 15 -1 16 -1 15 -1 16 -1 15 -1 16 -1 15 -1 16 -1 15 -1 16 -1 15 -1 16 -1 15 -1 16 -1 15 -1 18 -1 17 -1 18 -1 17 -1 19 -1 23 -1 24 -1 29 -1 52 -1 51 -1 52 -1 51 -1 52 -1 51 -1 54 -1 53 -1 54 -1 53 -1 54 -1 53 -1 54 -1 -2 
3 1 -1 8 -1 13 -1 14 -1 13 -1 14 -1 13 -1 14 -1 13 -1 14 -1 13 -1 14 -1 13 -1 14 -1 13 -1 14 -1 13 -1 14 -1 13 -1 14 -1 16 -1 15 -1 16 -1 15 -1 16 -1 15 -1 16 -1 15 -1 16 -1 15 -1 16 -1 15 -1 16 -1 15 -1 16 -1 15 -1 16 -1 15 -1 18 -1 17 -1 18 -1 17 -1 19 -1 23 -1 24 -1 25 -1 24 -1 29 -1 40 -1 43 -1 51 -1 52 -1 51 -1 52 -1 54 -1 53 -1 54 -1 53 -1 54 -1 -2 
3 1 -1 8 -1 13 -1 14 -1 13 -1 14 -1 13 -1 14 -1 13 -1 14 -1 13 -1 14 -1 13 -1 14 -1 13 -1 14 -1 13 -1 14 -1 13 -1 14 -1 13 -1 14 -1 13 -1 16 -1 15 -1 16 -1 15 -1 16 -1 15 -1 16 -1 15 -1 16 -1 15 -1 16 -1 15 -1 16 -1 15 -1 16 -1 15 -1 16 -1 15 -1 16 -1 15 -1 16 -1 18 -1 17 -1 18 -1 19 -1 23 -1 24 -1 29 -1 40 -1 43 -1 45 -1 52 -1 51 -1 52 -1 51 -1 52 -1 54 -1 53 -1 54 -1 -2 
3 1 -1 8 -1 13 -1 14 -1 13 -1 14 -1 13 -1 14 -1 13 -1 14 -1 13 -1 14 -1 13 -1 14 -1 13 -1 14 -1 13 -1 14 -1 13 -1 14 -1 13 -1 14 -1 13 -1 14 -1 13 -1 14 -1 16 -1 15 -1 16 -1 15 -1 16 -1 15 -1 16 -1 15 -1 16 -1 15 -1 16 -1 15 -1 16 -1 15 -1 16 -1 15 -1 16 -1 15 -1 16 -1 15 -1 16 -1 15 -1 16 -1 15 -1 18 -1 17 -1 18 -1 17 -1 19 -1 23 -1 24 -1 25 -1 24 -1 27 -1 29 -1 40 -1 41 -1 40 -1 43 -1 45 -1 44 -1 45 -1 54 -1 53 -1 54 -1 53 -1 54 -1 -2 
3 1 -1 8 -1 13 -1 14 -1 13 -1 14 -1 13 -1 14 -1 13 -1 14 -1 13 -1 14 -1 13 -1 14 -1 13 -1 14 -1 13 -1 14 -1 13 -1 14 -1 13 -1 14 -1 13 -1 14 -1 16 -1 15 -1 16 -1 15 -1 16 -1 15 -1 16 -1 15 -1 16 -1 15 -1 16 -1 15 -1 16 -1 15 -1 16 -1 15 -1 16 -1 15 -1 16 -1 15 -1 16 -1 15 -1 18 -1 17 -1 18 -1 17 -1 19 -1 23 -1 24 -1 29 -1 52 -1 54 -1 53 -1 54 -1 -2 
3 1 -1 4 -1 8 -1 13 -1 14 -1 13 -1 14 -1 13 -1 14 -1 13 -1 14 -1 13 -1 14 -1 13 -1 14 -1 13 -1 14 -1 13 -1 14 -1 13 -1 14 -1 16 -1 15 -1 16 -1 15 -1 16 -1 15 -1 16 -1 15 -1 16 -1 15 -1 16 -1 15 -1 16 -1 15 -1 16 -1 15 -1 16 -1 15 -1 18 -1 17 -1 18 -1 19 -1 23 -1 24 -1 25 -1 24 -1 27 -1 29 -1 54 -1 53 -1 54 -1 -2 
3 1 -1 8 -1 13 -1 14 -1 13 -1 14 -1 13 -1 14 -1 13 -1 14 -1 13 -1 14 -1 13 -1 14 -1 13 -1 14 -1 13 -1 14 -1 13 -1 14 -1 13 -1 14 -1 16 -1 15 -1 16 -1 15 -1 16 -1 15 -1 16 -1 15 -1 16 -1 15 -1 16 -1 15 -1 16 -1 15 -1 16 -1 15 -1 16 -1 15 -1 16 -1 15 -1 18 -1 17 -1 18 -1 17 -1 19 -1 23 -1 24 -1 25 -1 24 -1 27 -1 29 -1 52 -1 51 -1 52 -1 54 -1 53 -1 54 -1 53 -1 54 -1 53 -1 54 -1 -2 
3 1 -1 8 -1 13 -1 14 -1 13 -1 14 -1 13 -1 14 -1 13 -1 14 -1 13 -1 14 -1 13 -1 14 -1 13 -1 14 -1 13 -1 14 -1 13 -1 14 -1 13 -1 14 -1 13 -1 14 -1 16 -1 15 -1 16 -1 15 -1 16 -1 15 -1 16 -1 15 -1 16 -1 15 -1 16 -1 15 -1 16 -1 15 -1 16 -1 15 -1 16 -1 15 -1 16 -1 15 -1 16 -1 15 -1 18 -1 17 -1 18 -1 19 -1 23 -1 24 -1 29 -1 54 -1 53 -1 54 -1 53 -1 54 -1 53 -1 54 -1 -2 
3 1 -1 8 -1 13 -1 14 -1 13 -1 14 -1 13 -1 14 -1 13 -1 14 -1 13 -1 14 -1 13 -1 14 -1 13 -1 14 -1 13 -1 14 -1 13 -1 14 -1 13 -1 14 -1 13 -1 14 -1 13 -1 14 -1 13 -1 14 -1 13 -1 14 -1 13 -1 14 -1 13 -1 14 -1 13 -1 14 -1 13 -1 14 -1 13 -1 14 -1 13 -1 14 -1 13 -1 14 -1 16 -1 15 -1 16 -1 15 -1 16 -1 15 -1 16 -1 15 -1 16 -1 15 -1 16 -1 15 -1 16 -1 15 -1 16 -1 15 -1 16 -1 15 -1 16 -1 15 -1 16 -1 15 -1 16 -1 15 -1 16 -1 15 -1 16 -1 15 -1 16 -1 15 -1 16 -1 15 -1 16 -1 15 -1 16 -1 15 -1 16 -1 15 -1 16 -1 15 -1 16 -1 15 -1 18 -1 17 -1 18 -1 17 -1 19 -1 23 -1 24 -1 29 -1 52 -1 51 -1 52 -1 51 -1 52 -1 54 -1 53 -1 54 -1 -2 
3 1 -1 8 -1 13 -1 14 -1 13 -1 14 -1 13 -1 14 -1 13 -1 14 -1 13 -1 14 -1 13 -1 14 -1 13 -1 14 -1 13 -1 14 -1 13 -1 14 -1 16 -1 15 -1 16 -1 15 -1 16 -1 15 -1 16 -1 15 -1 16 -1 15 -1 16 -1 15 -1 16 -1 15 -1 16 -1 15 -1 16 -1 15 -1 18 -1 17 -1 18 -1 17 -1 19 -1 23 -1 24 -1 25 -1 24 -1 25 -1 24 -1 27 -1 29 -1 46 -1 52 -1 51 -1 52 -1 51 -1 52 -1 51 -1 52 -1 54 -1 53 -1 54 -1 -2 
3 1 -1 8 -1 13 -1 14 -1 13 -1 14 -1 13 -1 14 -1 13 -1 14 -1 13 -1 14 -1 13 -1 14 -1 13 -1 14 -1 13 -1 14 -1 13 -1 14 -1 13 -1 14 -1 13 -1 14 -1 13 -1 14 -1 16 -1 15 -1 16 -1 15 -1 16 -1 15 -1 16 -1 15 -1 16 -1 15 -1 16 -1 15 -1 16 -1 15 -1 16 -1 15 -1 16 -1 15 -1 16 -1 15 -1 16 -1 15 -1 16 -1 15 -1 18 -1 17 -1 18 -1 17 -1 19 -1 23 -1 24 -1 29 -1 52 -1 51 -1 54 -1 53 -1 54 -1 -2 
3 1 -1 8 -1 13 -1 14 -1 13 -1 14 -1 13 -1 14 -1 13 -1 14 -1 13 -1 14 -1 13 -1 14 -1 13 -1 14 -1 13 -1 14 -1 13 -1 14 -1 13 -1 14 -1 13 -1 14 -1 13 -1 14 -1 13 -1 14 -1 16 -1 15 -1 16 -1 15 -1 16 -1 15 -1 16 -1 15 -1 16 -1 15 -1 16 -1 15 -1 16 -1 15 -1 16 -1 15 -1 16 -1 15 -1 16 -1 15 -1 16 -1 15 -1 16 -1 15 -1 16 -1 15 -1 18 -1 17 -1 18 -1 17 -1 19 -1 23 -1 24 -1 29 -1 54 -1 53 -1 54 -1 53 -1 54 -1 -2 
3 1 -1 8 -1 13 -1 14 -1 13 -1 14 -1 13 -1 14 -1 13 -1 14 -1 13 -1 14 -1 13 -1 14 -1 13 -1 14 -1 16 -1 15 -1 16 -1 15 -1 16 -1 15 -1 16 -1 15 -1 16 -1 15 -1 16 -1 15 -1 16 -1 15 -1 18 -1 17 -1 18 -1 17 -1 19 -1 23 -1 24 -1 25 -1 24 -1 25 -1 24 -1 27 -1 29 -1 52 -1 51 -1 52 -1 54 -1 53 -1 54 -1 -2 
3 1 -1 8 -1 13 -1 14 -1 13 -1 14 -1 13 -1 14 -1 13 -1 14 -1 13 -1 14 -1 13 -1 14 -1 13 -1 14 -1 16 -1 15 -1 16 -1 15 -1 16 -1 15 -1 16 -1 15 -1 16 -1 15 -1 16 -1 15 -1 16 -1 15 -1 18 -1 17 -1 18 -1 17 -1 19 -1 23 -1 24 -1 25 -1 24 -1 27 -1 29 -1 52 -1 51 -1 54 -1 53 -1 54 -1 53 -1 54 -1 53 -1 54 -1 -2 
3 1 -1 8 -1 13 -1 14 -1 13 -1 14 -1 13 -1 14 -1 13 -1 14 -1 16 -1 15 -1 16 -1 15 -1 16 -1 15 -1 16 -1 15 -1 18 -1 17 -1 18 -1 17 -1 19 -1 23 -1 24 -1 25 -1 24 -1 25 -1 24 -1 27 -1 26 -1 27 -1 29 -1 51 -1 52 -1 51 -1 52 -1 51 -1 54 -1 53 -1 54 -1 -2 
3 1 -1 8 -1 13 -1 14 -1 13 -1 14 -1 13 -1 14 -1 13 -1 14 -1 13 -1 14 -1 13 -1 14 -1 13 -1 14 -1 13 -1 14 -1 13 -1 14 -1 13 -1 14 -1 13 -1 14 -1 13 -1 14 -1 13 -1 14 -1 13 -1 14 -1 13 -1 14 -1 13 -1 14 -1 16 -1 15 -1 16 -1 15 -1 16 -1 15 -1 16 -1 15 -1 16 -1 15 -1 16 -1 15 -1 16 -1 15 -1 16 -1 15 -1 16 -1 15 -1 16 -1 15 -1 16 -1 15 -1 16 -1 15 -1 16 -1 15 -1 16 -1 15 -1 16 -1 15 -1 16 -1 15 -1 18 -1 17 -1 18 -1 17 -1 19 -1 23 -1 24 -1 25 -1 24 -1 27 -1 29 -1 46 -1 47 -1 46 -1 49 -1 54 -1 53 -1 54 -1 53 -1 54 -1 -2 
3 1 -1 8 -1 13 -1 14 -1 13 -1 14 -1 13 -1 14 -1 13 -1 14 -1 13 -1 14 -1 13 -1 14 -1 13 -1 14 -1 13 -1 14 -1 13 -1 14 -1 13 -1 14 -1 13 -1 14 -1 13 -1 14 -1 13 -1 14 -1 13 -1 14 -1 13 -1 16 -1 15 -1 16 -1 15 -1 16 -1 15 -1 16 -1 15 -1 16 -1 15 -1 16 -1 15 -1 16 -1 15 -1 16 -1 15 -1 16 -1 15 -1 16 -1 15 -1 16 -1 15 -1 16 -1 15 -1 16 -1 15 -1 16 -1 15 -1 16 -1 18 -1 17 -1 18 -1 19 -1 23 -1 24 -1 25 -1 24 -1 27 -1 29 -1 52 -1 51 -1 52 -1 51 -1 52 -1 51 -1 52 -1 51 -1 52 -1 51 -1 54 -1 53 -1 54 -1 53 -1 54 -1 -2 
3 1 -1 8 -1 13 -1 14 -1 13 -1 14 -1 13 -1 14 -1 13 -1 14 -1 13 -1 14 -1 13 -1 14 -1 13 -1 14 -1 13 -1 14 -1 13 -1 14 -1 16 -1 15 -1 16 -1 15 -1 16 -1 15 -1 16 -1 15 -1 16 -1 15 -1 16 -1 15 -1 16 -1 15 -1 16 -1 15 -1 16 -1 15 -1 18 -1 17 -1 18 -1 17 -1 19 -1 23 -1 24 -1 25 -1 24 -1 25 -1 24 -1 27 -1 26 -1 27 -1 29 -1 54 -1 53 -1 54 -1 53 -1 54 -1 -2 
3 1 -1 8 -1 13 -1 14 -1 13 -1 14 -1 13 -1 14 -1 13 -1 14 -1 13 -1 14 -1 13 -1 14 -1 13 -1 14 -1 13 -1 14 -1 13 -1 14 -1 13 -1 14 -1 13 -1 14 -1 13 -1 14 -1 13 -1 14 -1 13 -1 14 -1 13 -1 14 -1 13 -1 14 -1 16 -1 15 -1 16 -1 15 -1 16 -1 15 -1 16 -1 15 -1 16 -1 15 -1 16 -1 15 -1 16 -1 15 -1 16 -1 15 -1 16 -1 15 -1 16 -1 15 -1 16 -1 15 -1 16 -1 15 -1 16 -1 15 -1 16 -1 15 -1 16 -1 15 -1 16 -1 15 -1 18 -1 17 -1 18 -1 17 -1 19 -1 23 -1 24 -1 25 -1 24 -1 27 -1 29 -1 52 -1 51 -1 52 -1 51 -1 52 -1 51 -1 54 -1 53 -1 54 -1 -2 
3 1 -1 2 -1 1 -1 8 -1 14 -1 13 -1 14 -1 13 -1 14 -1 13 -1 14 -1 13 -1 14 -1 13 -1 14 -1 13 -1 14 -1 13 -1 14 -1 13 -1 14 -1 15 -1 16 -1 15 -1 16 -1 15 -1 16 -1 15 -1 16 -1 15 -1 16 -1 15 -1 16 -1 15 -1 16 -1 15 -1 16 -1 15 -1 18 -1 17 -1 18 -1 17 -1 19 -1 23 -1 24 -1 25 -1 24 -1 25 -1 24 -1 25 -1 24 -1 27 -1 26 -1 27 -1 26 -1 27 -1 29 -1 46 -1 51 -1 52 -1 54 -1 53 -1 54 -1 -2 
3 1 -1 8 -1 13 -1 14 -1 13 -1 14 -1 13 -1 14 -1 13 -1 14 -1 13 -1 14 -1 13 -1 14 -1 13 -1 14 -1 16 -1 15 -1 16 -1 15 -1 16 -1 15 -1 16 -1 15 -1 16 -1 15 -1 16 -1 15 -1 16 -1 15 -1 18 -1 17 -1 18 -1 17 -1 19 -1 23 -1 24 -1 25 -1 24 -1 25 -1 24 -1 27 -1 26 -1 27 -1 29 -1 52 -1 51 -1 52 -1 51 -1 54 -1 53 -1 54 -1 -2 
3 1 -1 2 -1 1 -1 8 -1 12 -1 13 -1 14 -1 13 -1 14 -1 13 -1 14 -1 13 -1 14 -1 13 -1 14 -1 16 -1 15 -1 16 -1 15 -1 16 -1 15 -1 16 -1 15 -1 16 -1 15 -1 18 -1 17 -1 18 -1 17 -1 19 -1 23 -1 24 -1 25 -1 24 -1 25 -1 24 -1 25 -1 24 -1 27 -1 26 -1 27 -1 29 -1 46 -1 47 -1 46 -1 47 -1 46 -1 49 -1 51 -1 52 -1 51 -1 52 -1 54 -1 53 -1 54 -1 -2 
3 1 -1 8 -1 13 -1 14 -1 13 -1 14 -1 13 -1 14 -1 13 -1 14 -1 13 -1 14 -1 13 -1 14 -1 13 -1 14 -1 13 -1 14 -1 13 -1 14 -1 16 -1 15 -1 16 -1 15 -1 16 -1 15 -1 16 -1 15 -1 16 -1 15 -1 16 -1 15 -1 16 -1 15 -1 16 -1 15 -1 16 -1 15 -1 18 -1 17 -1 18 -1 17 -1 19 -1 23 -1 24 -1 25 -1 24 -1 25 -1 24 -1 27 -1 26 -1 27 -1 29 -1 46 -1 47 -1 46 -1 47 -1 46 -1 47 -1 46 -1 49 -1 52 -1 51 -1 52 -1 51 -1 52 -1 54 -1 53 -1 54 -1 -2 
3 1 -1 8 -1 13 -1 14 -1 13 -1 14 -1 13 -1 14 -1 13 -1 14 -1 13 -1 14 -1 13 -1 14 -1 13 -1 14 -1 13 -1 14 -1 13 -1 14 -1 13 -1 14 -1 13 -1 14 -1 13 -1 14 -1 16 -1 15 -1 16 -1 15 -1 16 -1 15 -1 16 -1 15 -1 16 -1 15 -1 16 -1 15 -1 16 -1 15 -1 16 -1 15 -1 16 -1 15 -1 16 -1 15 -1 16 -1 15 -1 16 -1 15 -1 18 -1 17 -1 18 -1 17 -1 19 -1 23 -1 24 -1 25 -1 24 -1 25 -1 24 -1 25 -1 24 -1 27 -1 29 -1 46 -1 49 -1 54 -1 53 -1 54 -1 53 -1 54 -1 -2 
3 1 -1 8 -1 13 -1 14 -1 13 -1 14 -1 13 -1 14 -1 13 -1 14 -1 13 -1 14 -1 13 -1 14 -1 13 -1 14 -1 13 -1 14 -1 13 -1 14 -1 13 -1 14 -1 13 -1 14 -1 13 -1 14 -1 13 -1 16 -1 15 -1 16 -1 15 -1 16 -1 15 -1 16 -1 15 -1 16 -1 15 -1 16 -1 15 -1 16 -1 15 -1 16 -1 15 -1 16 -1 15 -1 16 -1 15 -1 16 -1 15 -1 16 -1 15 -1 16 -1 18 -1 17 -1 18 -1 19 -1 23 -1 24 -1 25 -1 24 -1 25 -1 24 -1 25 -1 24 -1 27 -1 26 -1 27 -1 29 -1 46 -1 49 -1 52 -1 51 -1 52 -1 51 -1 52 -1 51 -1 52 -1 51 -1 52 -1 54 -1 53 -1 54 -1 -2 
4 1 -1 2 -1 1 -1 8 -1 13 -1 14 -1 13 -1 14 -1 16 -1 15 -1 16 -1 15 -1 18 -1 17 -1 18 -1 46 -1 49 -1 52 -1 -2 
4 1 -1 2 -1 1 -1 8 -1 7 -1 8 -1 10 -1 13 -1 14 -1 16 -1 15 -1 18 -1 17 -1 18 -1 46 -1 49 -1 52 -1 54 -1 -2 
4 1 -1 2 -1 1 -1 2 -1 1 -1 8 -1 7 -1 8 -1 13 -1 14 -1 13 -1 14 -1 13 -1 14 -1 16 -1 15 -1 16 -1 15 -1 16 -1 15 -1 18 -1 17 -1 18 -1 17 -1 46 -1 49 -1 52 -1 51 -1 52 -1 51 -1 52 -1 -2 
4 1 -1 2 -1 1 -1 8 -1 7 -1 8 -1 13 -1 14 -1 13 -1 14 -1 13 -1 16 -1 15 -1 16 -1 15 -1 16 -1 18 -1 17 -1 18 -1 46 -1 49 -1 52 -1 54 -1 -2 
4 1 -1 2 -1 1 -1 8 -1 13 -1 14 -1 13 -1 14 -1 13 -1 14 -1 13 -1 14 -1 13 -1 14 -1 16 -1 15 -1 16 -1 15 -1 16 -1 15 -1 16 -1 15 -1 18 -1 17 -1 18 -1 46 -1 49 -1 52 -1 51 -1 52 -1 51 -1 52 -1 54 -1 -2 
4 1 -1 2 -1 1 -1 8 -1 7 -1 8 -1 13 -1 14 -1 16 -1 15 -1 18 -1 17 -1 18 -1 17 -1 46 -1 49 -1 52 -1 54 -1 -2 
4 1 -1 8 -1 12 -1 13 -1 14 -1 13 -1 14 -1 16 -1 15 -1 16 -1 15 -1 18 -1 17 -1 18 -1 24 -1 27 -1 46 -1 49 -1 52 -1 51 -1 52 -1 51 -1 52 -1 54 -1 -2 
4 1 -1 8 -1 13 -1 16 -1 18 -1 17 -1 18 -1 46 -1 49 -1 52 -1 54 -1 -2 
4 1 -1 2 -1 1 -1 8 -1 13 -1 14 -1 16 -1 15 -1 18 -1 17 -1 18 -1 17 -1 46 -1 49 -1 52 -1 51 -1 52 -1 54 -1 53 -1 54 -1 -2 
4 1 -1 2 -1 1 -1 8 -1 7 -1 8 -1 13 -1 14 -1 16 -1 15 -1 18 -1 17 -1 18 -1 17 -1 46 -1 49 -1 52 -1 54 -1 -2 
4 1 -1 2 -1 1 -1 8 -1 10 -1 14 -1 13 -1 14 -1 13 -1 15 -1 16 -1 15 -1 16 -1 18 -1 17 -1 18 -1 46 -1 49 -1 52 -1 51 -1 52 -1 54 -1 -2 
4 1 -1 2 -1 1 -1 8 -1 7 -1 8 -1 13 -1 14 -1 13 -1 14 -1 16 -1 15 -1 16 -1 15 -1 18 -1 17 -1 18 -1 46 -1 49 -1 52 -1 54 -1 -2 
4 1 -1 8 -1 13 -1 14 -1 13 -1 14 -1 13 -1 14 -1 13 -1 14 -1 13 -1 14 -1 13 -1 14 -1 13 -1 16 -1 15 -1 16 -1 15 -1 16 -1 15 -1 16 -1 15 -1 16 -1 15 -1 16 -1 15 -1 16 -1 18 -1 17 -1 18 -1 24 -1 27 -1 46 -1 47 -1 46 -1 49 -1 48 -1 49 -1 52 -1 54 -1 -2 
4 1 -1 2 -1 1 -1 8 -1 13 -1 14 -1 16 -1 15 -1 18 -1 17 -1 18 -1 17 -1 46 -1 49 -1 52 -1 51 -1 52 -1 54 -1 53 -1 54 -1 -2 
4 1 -1 2 -1 1 -1 8 -1 14 -1 13 -1 14 -1 13 -1 14 -1 13 -1 14 -1 15 -1 16 -1 15 -1 16 -1 15 -1 16 -1 15 -1 18 -1 17 -1 18 -1 24 -1 27 -1 46 -1 49 -1 48 -1 49 -1 52 -1 54 -1 -2 
4 1 -1 2 -1 1 -1 2 -1 1 -1 8 -1 7 -1 8 -1 13 -1 14 -1 13 -1 14 -1 16 -1 15 -1 16 -1 15 -1 18 -1 17 -1 18 -1 17 -1 46 -1 52 -1 54 -1 -2 
4 1 -1 2 -1 1 -1 8 -1 18 -1 17 -1 18 -1 24 -1 27 -1 46 -1 49 -1 48 -1 49 -1 52 -1 51 -1 52 -1 51 -1 52 -1 54 -1 -2 
4 1 -1 2 -1 1 -1 8 -1 7 -1 8 -1 13 -1 14 -1 13 -1 14 -1 13 -1 14 -1 13 -1 14 -1 13 -1 14 -1 13 -1 14 -1 16 -1 15 -1 16 -1 15 -1 16 -1 15 -1 16 -1 15 -1 16 -1 15 -1 16 -1 15 -1 18 -1 17 -1 18 -1 17 -1 24 -1 52 -1 51 -1 52 -1 51 -1 52 -1 54 -1 -2 
4 1 -1 2 -1 1 -1 2 -1 1 -1 8 -1 13 -1 14 -1 16 -1 15 -1 18 -1 17 -1 18 -1 17 -1 24 -1 46 -1 47 -1 46 -1 49 -1 52 -1 51 -1 52 -1 51 -1 52 -1 -2 
4 1 -1 2 -1 1 -1 2 -1 1 -1 2 -1 1 -1 2 -1 1 -1 2 -1 1 -1 8 -1 7 -1 8 -1 13 -1 14 -1 13 -1 14 -1 16 -1 15 -1 16 -1 15 -1 18 -1 17 -1 18 -1 17 -1 46 -1 47 -1 46 -1 49 -1 52 -1 51 -1 52 -1 51 -1 54 -1 53 -1 54 -1 -2 
4 1 -1 6 -1 8 -1 7 -1 8 -1 13 -1 14 -1 13 -1 14 -1 16 -1 15 -1 16 -1 15 -1 18 -1 17 -1 18 -1 17 -1 46 -1 49 -1 51 -1 52 -1 51 -1 52 -1 -2 
4 1 -1 2 -1 1 -1 8 -1 13 -1 14 -1 13 -1 14 -1 16 -1 15 -1 16 -1 15 -1 18 -1 17 -1 18 -1 17 -1 46 -1 49 -1 52 -1 51 -1 52 -1 51 -1 52 -1 54 -1 53 -1 54 -1 -2 
4 1 -1 2 -1 1 -1 8 -1 13 -1 14 -1 13 -1 14 -1 13 -1 14 -1 13 -1 14 -1 13 -1 14 -1 16 -1 15 -1 16 -1 15 -1 16 -1 15 -1 16 -1 15 -1 16 -1 15 -1 18 -1 17 -1 18 -1 46 -1 49 -1 52 -1 54 -1 -2 
4 1 -1 2 -1 1 -1 8 -1 10 -1 13 -1 14 -1 16 -1 15 -1 18 -1 17 -1 18 -1 17 -1 52 -1 51 -1 52 -1 54 -1 -2 
4 1 -1 8 -1 13 -1 14 -1 13 -1 14 -1 13 -1 14 -1 13 -1 14 -1 16 -1 15 -1 16 -1 15 -1 16 -1 15 -1 16 -1 15 -1 18 -1 17 -1 18 -1 17 -1 46 -1 52 -1 51 -1 52 -1 54 -1 -2 
4 1 -1 2 -1 1 -1 8 -1 13 -1 14 -1 13 -1 14 -1 16 -1 15 -1 16 -1 15 -1 18 -1 17 -1 18 -1 17 -1 46 -1 52 -1 54 -1 -2 
4 1 -1 8 -1 13 -1 14 -1 16 -1 15 -1 18 -1 17 -1 18 -1 17 -1 23 -1 24 -1 46 -1 49 -1 52 -1 51 -1 52 -1 -2 
4 1 -1 2 -1 1 -1 8 -1 7 -1 8 -1 13 -1 14 -1 13 -1 14 -1 13 -1 14 -1 16 -1 15 -1 16 -1 15 -1 16 -1 15 -1 18 -1 17 -1 18 -1 17 -1 52 -1 51 -1 52 -1 -2 
4 1 -1 8 -1 13 -1 14 -1 13 -1 14 -1 13 -1 14 -1 13 -1 14 -1 16 -1 15 -1 16 -1 15 -1 16 -1 15 -1 16 -1 15 -1 18 -1 17 -1 18 -1 17 -1 24 -1 27 -1 52 -1 51 -1 52 -1 51 -1 52 -1 54 -1 -2 
4 1 -1 2 -1 1 -1 8 -1 7 -1 8 -1 13 -1 14 -1 13 -1 14 -1 13 -1 14 -1 16 -1 15 -1 16 -1 15 -1 16 -1 15 -1 18 -1 17 -1 18 -1 17 -1 52 -1 51 -1 52 -1 -2 
4 1 -1 8 -1 14 -1 13 -1 14 -1 15 -1 16 -1 15 -1 18 -1 17 -1 18 -1 46 -1 52 -1 54 -1 -2 
4 1 -1 2 -1 1 -1 8 -1 7 -1 8 -1 13 -1 14 -1 13 -1 14 -1 16 -1 15 -1 16 -1 15 -1 18 -1 17 -1 18 -1 17 -1 52 -1 51 -1 52 -1 54 -1 53 -1 54 -1 -2 
4 1 -1 8 -1 14 -1 13 -1 14 -1 13 -1 14 -1 15 -1 16 -1 15 -1 16 -1 15 -1 18 -1 17 -1 18 -1 17 -1 52 -1 51 -1 52 -1 54 -1 -2 
4 1 -1 2 -1 1 -1 2 -1 1 -1 8 -1 7 -1 8 -1 7 -1 8 -1 13 -1 14 -1 13 -1 14 -1 13 -1 14 -1 16 -1 15 -1 16 -1 15 -1 16 -1 15 -1 18 -1 17 -1 18 -1 17 -1 46 -1 52 -1 51 -1 52 -1 51 -1 52 -1 54 -1 53 -1 54 -1 -2 
4 1 -1 2 -1 1 -1 4 -1 8 -1 13 -1 14 -1 13 -1 16 -1 15 -1 16 -1 18 -1 17 -1 18 -1 52 -1 51 -1 52 -1 54 -1 53 -1 54 -1 -2 
4 1 -1 8 -1 13 -1 14 -1 13 -1 14 -1 16 -1 15 -1 16 -1 15 -1 18 -1 17 -1 18 -1 17 -1 46 -1 52 -1 51 -1 54 -1 53 -1 54 -1 53 -1 54 -1 -2 
4 1 -1 2 -1 1 -1 8 -1 13 -1 14 -1 13 -1 14 -1 16 -1 15 -1 16 -1 15 -1 18 -1 17 -1 18 -1 17 -1 46 -1 51 -1 52 -1 51 -1 52 -1 54 -1 53 -1 54 -1 53 -1 54 -1 -2 
4 1 -1 2 -1 1 -1 8 -1 7 -1 8 -1 13 -1 14 -1 13 -1 14 -1 13 -1 14 -1 16 -1 15 -1 16 -1 15 -1 16 -1 15 -1 18 -1 17 -1 18 -1 17 -1 46 -1 52 -1 51 -1 52 -1 54 -1 -2 
4 1 -1 2 -1 1 -1 8 -1 14 -1 13 -1 14 -1 13 -1 14 -1 15 -1 16 -1 15 -1 16 -1 15 -1 18 -1 17 -1 18 -1 17 -1 52 -1 51 -1 52 -1 54 -1 -2 
4 1 -1 2 -1 1 -1 8 -1 7 -1 8 -1 13 -1 14 -1 13 -1 14 -1 16 -1 15 -1 16 -1 15 -1 18 -1 17 -1 18 -1 17 -1 52 -1 51 -1 52 -1 51 -1 54 -1 -2 
4 1 -1 2 -1 1 -1 8 -1 12 -1 13 -1 14 -1 13 -1 14 -1 16 -1 15 -1 16 -1 15 -1 18 -1 17 -1 18 -1 17 -1 46 -1 49 -1 51 -1 52 -1 51 -1 52 -1 54 -1 -2 
4 1 -1 2 -1 1 -1 2 -1 1 -1 8 -1 7 -1 8 -1 7 -1 8 -1 7 -1 8 -1 13 -1 14 -1 13 -1 14 -1 13 -1 14 -1 13 -1 14 -1 16 -1 15 -1 16 -1 15 -1 16 -1 15 -1 16 -1 15 -1 18 -1 17 -1 18 -1 17 -1 46 -1 49 -1 52 -1 51 -1 52 -1 51 -1 52 -1 54 -1 53 -1 54 -1 -2 
4 1 -1 8 -1 12 -1 13 -1 14 -1 13 -1 14 -1 16 -1 15 -1 16 -1 15 -1 18 -1 17 -1 18 -1 17 -1 46 -1 52 -1 51 -1 52 -1 51 -1 52 -1 51 -1 52 -1 54 -1 -2 
4 1 -1 2 -1 1 -1 2 -1 1 -1 8 -1 7 -1 8 -1 7 -1 8 -1 13 -1 14 -1 13 -1 14 -1 13 -1 14 -1 13 -1 14 -1 16 -1 15 -1 16 -1 15 -1 16 -1 15 -1 16 -1 15 -1 18 -1 17 -1 18 -1 17 -1 24 -1 31 -1 52 -1 51 -1 52 -1 51 -1 54 -1 53 -1 54 -1 -2 
4 1 -1 2 -1 1 -1 8 -1 7 -1 8 -1 12 -1 14 -1 13 -1 14 -1 13 -1 14 -1 15 -1 16 -1 15 -1 16 -1 15 -1 18 -1 17 -1 18 -1 17 -1 24 -1 51 -1 52 -1 54 -1 53 -1 54 -1 -2 
4 1 -1 2 -1 1 -1 8 -1 7 -1 8 -1 13 -1 14 -1 13 -1 14 -1 13 -1 14 -1 13 -1 14 -1 13 -1 14 -1 13 -1 14 -1 16 -1 15 -1 16 -1 15 -1 16 -1 15 -1 16 -1 15 -1 16 -1 15 -1 16 -1 15 -1 18 -1 17 -1 18 -1 17 -1 46 -1 47 -1 46 -1 49 -1 52 -1 51 -1 52 -1 51 -1 52 -1 54 -1 53 -1 54 -1 53 -1 54 -1 -2 
4 1 -1 8 -1 12 -1 13 -1 16 -1 18 -1 17 -1 18 -1 46 -1 47 -1 46 -1 49 -1 52 -1 51 -1 52 -1 51 -1 52 -1 51 -1 52 -1 54 -1 53 -1 54 -1 -2 
4 1 -1 2 -1 1 -1 8 -1 7 -1 8 -1 13 -1 14 -1 13 -1 14 -1 13 -1 14 -1 13 -1 14 -1 16 -1 15 -1 16 -1 15 -1 16 -1 15 -1 18 -1 17 -1 18 -1 17 -1 46 -1 49 -1 52 -1 51 -1 52 -1 51 -1 52 -1 54 -1 -2 
4 1 -1 2 -1 1 -1 8 -1 7 -1 8 -1 12 -1 13 -1 14 -1 13 -1 14 -1 13 -1 14 -1 13 -1 14 -1 13 -1 14 -1 13 -1 14 -1 16 -1 15 -1 16 -1 15 -1 16 -1 15 -1 16 -1 15 -1 16 -1 15 -1 16 -1 15 -1 18 -1 17 -1 18 -1 17 -1 46 -1 52 -1 51 -1 52 -1 54 -1 53 -1 54 -1 -2 
4 1 -1 2 -1 1 -1 2 -1 1 -1 8 -1 7 -1 8 -1 13 -1 14 -1 13 -1 14 -1 13 -1 16 -1 15 -1 16 -1 15 -1 16 -1 18 -1 17 -1 18 -1 24 -1 25 -1 24 -1 27 -1 52 -1 51 -1 52 -1 51 -1 52 -1 51 -1 52 -1 54 -1 -2 
5 1 -1 8 -1 13 -1 14 -1 13 -1 14 -1 13 -1 14 -1 13 -1 14 -1 13 -1 14 -1 13 -1 14 -1 13 -1 16 -1 15 -1 16 -1 15 -1 16 -1 15 -1 16 -1 15 -1 16 -1 15 -1 16 -1 15 -1 16 -1 18 -1 17 -1 18 -1 24 -1 25 -1 24 -1 25 -1 24 -1 25 -1 24 -1 27 -1 26 -1 27 -1 52 -1 51 -1 52 -1 51 -1 52 -1 54 -1 53 -1 54 -1 -2 
5 1 -1 8 -1 13 -1 14 -1 13 -1 14 -1 13 -1 14 -1 13 -1 14 -1 13 -1 14 -1 13 -1 14 -1 13 -1 14 -1 13 -1 14 -1 13 -1 14 -1 13 -1 16 -1 15 -1 16 -1 15 -1 16 -1 15 -1 16 -1 15 -1 16 -1 15 -1 16 -1 15 -1 16 -1 15 -1 16 -1 15 -1 16 -1 15 -1 16 -1 18 -1 17 -1 18 -1 24 -1 25 -1 24 -1 25 -1 24 -1 27 -1 26 -1 27 -1 26 -1 27 -1 52 -1 51 -1 52 -1 51 -1 52 -1 51 -1 52 -1 51 -1 52 -1 54 -1 53 -1 54 -1 53 -1 54 -1 -2 
5 1 -1 2 -1 1 -1 8 -1 10 -1 13 -1 14 -1 13 -1 14 -1 13 -1 14 -1 13 -1 14 -1 13 -1 14 -1 13 -1 14 -1 13 -1 16 -1 15 -1 16 -1 15 -1 16 -1 15 -1 16 -1 15 -1 16 -1 15 -1 16 -1 15 -1 16 -1 18 -1 17 -1 18 -1 24 -1 25 -1 24 -1 25 -1 24 -1 27 -1 26 -1 27 -1 26 -1 27 -1 52 -1 51 -1 52 -1 54 -1 53 -1 54 -1 -2 
5 1 -1 8 -1 13 -1 14 -1 13 -1 14 -1 13 -1 14 -1 13 -1 14 -1 13 -1 14 -1 13 -1 14 -1 13 -1 16 -1 15 -1 16 -1 15 -1 16 -1 15 -1 16 -1 15 -1 16 -1 15 -1 16 -1 15 -1 16 -1 18 -1 17 -1 18 -1 24 -1 25 -1 24 -1 25 -1 24 -1 27 -1 52 -1 51 -1 52 -1 54 -1 53 -1 54 -1 53 -1 54 -1 -2 
5 1 -1 8 -1 13 -1 14 -1 13 -1 14 -1 13 -1 14 -1 13 -1 14 -1 13 -1 16 -1 15 -1 16 -1 15 -1 16 -1 15 -1 16 -1 15 -1 16 -1 18 -1 17 -1 18 -1 24 -1 25 -1 24 -1 25 -1 24 -1 25 -1 24 -1 27 -1 26 -1 27 -1 54 -1 53 -1 54 -1 53 -1 54 -1 -2 
5 1 -1 8 -1 13 -1 14 -1 13 -1 14 -1 13 -1 14 -1 13 -1 14 -1 13 -1 14 -1 13 -1 14 -1 13 -1 14 -1 13 -1 14 -1 13 -1 14 -1 13 -1 16 -1 15 -1 16 -1 15 -1 16 -1 15 -1 16 -1 15 -1 16 -1 15 -1 16 -1 15 -1 16 -1 15 -1 16 -1 15 -1 16 -1 15 -1 16 -1 18 -1 17 -1 18 -1 24 -1 25 -1 24 -1 25 -1 24 -1 27 -1 26 -1 27 -1 26 -1 27 -1 52 -1 51 -1 52 -1 54 -1 -2 
5 1 -1 4 -1 8 -1 13 -1 14 -1 13 -1 14 -1 13 -1 14 -1 13 -1 14 -1 13 -1 14 -1 13 -1 14 -1 13 -1 16 -1 15 -1 16 -1 15 -1 16 -1 15 -1 16 -1 15 -1 16 -1 15 -1 16 -1 15 -1 16 -1 18 -1 17 -1 18 -1 24 -1 25 -1 24 -1 25 -1 24 -1 27 -1 26 -1 27 -1 52 -1 51 -1 52 -1 54 -1 53 -1 54 -1 53 -1 54 -1 -2 
5 1 -1 8 -1 13 -1 14 -1 13 -1 14 -1 13 -1 14 -1 13 -1 14 -1 13 -1 14 -1 13 -1 14 -1 13 -1 14 -1 16 -1 15 -1 16 -1 15 -1 16 -1 15 -1 16 -1 15 -1 16 -1 15 -1 16 -1 15 -1 16 -1 15 -1 18 -1 17 -1 18 -1 17 -1 24 -1 25 -1 24 -1 25 -1 24 -1 27 -1 26 -1 27 -1 26 -1 27 -1 52 -1 54 -1 53 -1 54 -1 53 -1 54 -1 -2 
5 1 -1 8 -1 14 -1 13 -1 14 -1 13 -1 14 -1 13 -1 14 -1 13 -1 14 -1 13 -1 14 -1 13 -1 15 -1 16 -1 15 -1 16 -1 15 -1 16 -1 15 -1 16 -1 15 -1 16 -1 15 -1 16 -1 18 -1 17 -1 18 -1 24 -1 25 -1 24 -1 25 -1 24 -1 27 -1 26 -1 27 -1 26 -1 27 -1 52 -1 51 -1 52 -1 54 -1 53 -1 54 -1 -2 
5 1 -1 8 -1 13 -1 14 -1 13 -1 14 -1 13 -1 14 -1 13 -1 14 -1 13 -1 14 -1 13 -1 14 -1 13 -1 14 -1 13 -1 14 -1 13 -1 16 -1 15 -1 16 -1 15 -1 16 -1 15 -1 16 -1 15 -1 16 -1 15 -1 16 -1 15 -1 16 -1 15 -1 16 -1 15 -1 16 -1 18 -1 17 -1 18 -1 24 -1 25 -1 24 -1 25 -1 24 -1 27 -1 26 -1 27 -1 26 -1 27 -1 52 -1 54 -1 53 -1 54 -1 53 -1 54 -1 -2 
5 1 -1 2 -1 1 -1 4 -1 3 -1 4 -1 8 -1 10 -1 9 -1 10 -1 14 -1 13 -1 14 -1 13 -1 14 -1 13 -1 14 -1 13 -1 14 -1 13 -1 15 -1 16 -1 15 -1 16 -1 15 -1 16 -1 15 -1 16 -1 15 -1 16 -1 18 -1 17 -1 18 -1 17 -1 18 -1 17 -1 18 -1 17 -1 18 -1 24 -1 25 -1 24 -1 25 -1 24 -1 27 -1 26 -1 27 -1 52 -1 51 -1 52 -1 54 -1 53 -1 54 -1 -2 
5 1 -1 8 -1 13 -1 14 -1 13 -1 14 -1 13 -1 14 -1 13 -1 14 -1 13 -1 14 -1 13 -1 14 -1 13 -1 14 -1 13 -1 14 -1 13 -1 14 -1 13 -1 14 -1 16 -1 15 -1 16 -1 15 -1 16 -1 15 -1 16 -1 15 -1 16 -1 15 -1 16 -1 15 -1 16 -1 15 -1 16 -1 15 -1 16 -1 15 -1 16 -1 15 -1 18 -1 17 -1 18 -1 17 -1 24 -1 25 -1 24 -1 25 -1 24 -1 25 -1 24 -1 25 -1 24 -1 27 -1 26 -1 27 -1 26 -1 27 -1 52 -1 54 -1 53 -1 54 -1 53 -1 54 -1 -2 
5 1 -1 8 -1 7 -1 8 -1 13 -1 14 -1 13 -1 14 -1 13 -1 14 -1 13 -1 14 -1 13 -1 14 -1 13 -1 14 -1 16 -1 15 -1 16 -1 15 -1 16 -1 15 -1 16 -1 15 -1 16 -1 15 -1 16 -1 15 -1 18 -1 17 -1 18 -1 24 -1 25 -1 24 -1 25 -1 24 -1 27 -1 26 -1 27 -1 52 -1 54 -1 53 -1 54 -1 53 -1 54 -1 -2 
5 1 -1 8 -1 13 -1 14 -1 13 -1 14 -1 13 -1 14 -1 13 -1 14 -1 13 -1 14 -1 13 -1 14 -1 13 -1 14 -1 13 -1 14 -1 13 -1 14 -1 13 -1 14 -1 13 -1 14 -1 13 -1 14 -1 13 -1 14 -1 13 -1 14 -1 13 -1 14 -1 13 -1 14 -1 16 -1 15 -1 16 -1 15 -1 16 -1 15 -1 16 -1 15 -1 16 -1 15 -1 16 -1 15 -1 16 -1 15 -1 16 -1 15 -1 16 -1 15 -1 16 -1 15 -1 16 -1 15 -1 16 -1 15 -1 16 -1 15 -1 16 -1 15 -1 16 -1 15 -1 16 -1 15 -1 18 -1 17 -1 18 -1 17 -1 24 -1 25 -1 24 -1 25 -1 24 -1 27 -1 26 -1 27 -1 52 -1 54 -1 53 -1 54 -1 53 -1 54 -1 -2 
5 1 -1 2 -1 1 -1 8 -1 7 -1 8 -1 13 -1 14 -1 13 -1 14 -1 13 -1 14 -1 13 -1 14 -1 13 -1 14 -1 13 -1 14 -1 13 -1 14 -1 13 -1 14 -1 13 -1 16 -1 15 -1 16 -1 15 -1 16 -1 15 -1 16 -1 15 -1 16 -1 15 -1 16 -1 15 -1 16 -1 15 -1 16 -1 15 -1 16 -1 18 -1 17 -1 18 -1 24 -1 25 -1 24 -1 27 -1 52 -1 51 -1 52 -1 54 -1 53 -1 54 -1 53 -1 54 -1 -2 
5 1 -1 8 -1 13 -1 14 -1 13 -1 14 -1 13 -1 14 -1 13 -1 14 -1 13 -1 14 -1 13 -1 14 -1 13 -1 14 -1 16 -1 15 -1 16 -1 15 -1 16 -1 15 -1 16 -1 15 -1 16 -1 15 -1 16 -1 15 -1 16 -1 15 -1 18 -1 17 -1 18 -1 17 -1 24 -1 25 -1 24 -1 25 -1 24 -1 27 -1 52 -1 51 -1 52 -1 51 -1 52 -1 54 -1 53 -1 54 -1 53 -1 54 -1 -2 
5 1 -1 8 -1 14 -1 13 -1 14 -1 13 -1 14 -1 13 -1 14 -1 13 -1 14 -1 13 -1 14 -1 13 -1 14 -1 13 -1 14 -1 13 -1 14 -1 13 -1 14 -1 15 -1 16 -1 15 -1 16 -1 15 -1 16 -1 15 -1 16 -1 15 -1 16 -1 15 -1 16 -1 15 -1 16 -1 15 -1 16 -1 15 -1 16 -1 15 -1 18 -1 17 -1 18 -1 17 -1 24 -1 27 -1 52 -1 51 -1 52 -1 51 -1 52 -1 54 -1 53 -1 54 -1 53 -1 54 -1 -2 
5 1 -1 8 -1 13 -1 14 -1 13 -1 14 -1 13 -1 14 -1 13 -1 14 -1 13 -1 14 -1 13 -1 14 -1 13 -1 14 -1 13 -1 14 -1 13 -1 16 -1 15 -1 16 -1 15 -1 16 -1 15 -1 16 -1 15 -1 16 -1 15 -1 16 -1 15 -1 16 -1 15 -1 16 -1 15 -1 16 -1 18 -1 17 -1 18 -1 24 -1 25 -1 24 -1 27 -1 26 -1 27 -1 52 -1 51 -1 52 -1 51 -1 52 -1 54 -1 53 -1 54 -1 53 -1 54 -1 -2 
5 1 -1 8 -1 14 -1 13 -1 14 -1 13 -1 14 -1 13 -1 14 -1 13 -1 14 -1 13 -1 14 -1 13 -1 14 -1 13 -1 14 -1 13 -1 15 -1 16 -1 15 -1 16 -1 15 -1 16 -1 15 -1 16 -1 15 -1 16 -1 15 -1 16 -1 15 -1 16 -1 15 -1 16 -1 18 -1 17 -1 18 -1 24 -1 27 -1 52 -1 51 -1 52 -1 51 -1 52 -1 51 -1 52 -1 54 -1 -2 
5 1 -1 8 -1 13 -1 14 -1 13 -1 14 -1 13 -1 14 -1 13 -1 14 -1 13 -1 14 -1 13 -1 14 -1 13 -1 14 -1 13 -1 14 -1 13 -1 14 -1 13 -1 14 -1 16 -1 15 -1 16 -1 15 -1 16 -1 15 -1 16 -1 15 -1 16 -1 15 -1 16 -1 15 -1 16 -1 15 -1 16 -1 15 -1 16 -1 15 -1 16 -1 15 -1 18 -1 17 -1 18 -1 17 -1 24 -1 27 -1 52 -1 51 -1 52 -1 54 -1 53 -1 54 -1 -2 
5 1 -1 8 -1 13 -1 14 -1 13 -1 14 -1 13 -1 14 -1 13 -1 14 -1 13 -1 14 -1 13 -1 14 -1 13 -1 14 -1 13 -1 14 -1 13 -1 14 -1 13 -1 14 -1 13 -1 14 -1 13 -1 14 -1 13 -1 14 -1 13 -1 14 -1 13 -1 14 -1 13 -1 14 -1 13 -1 16 -1 15 -1 16 -1 15 -1 16 -1 15 -1 16 -1 15 -1 16 -1 15 -1 16 -1 15 -1 16 -1 15 -1 16 -1 15 -1 16 -1 15 -1 16 -1 15 -1 16 -1 15 -1 16 -1 15 -1 16 -1 15 -1 16 -1 15 -1 16 -1 15 -1 16 -1 15 -1 16 -1 18 -1 17 -1 18 -1 52 -1 54 -1 53 -1 54 -1 53 -1 54 -1 -2 
5 1 -1 8 -1 13 -1 14 -1 13 -1 14 -1 13 -1 14 -1 13 -1 14 -1 13 -1 14 -1 13 -1 14 -1 13 -1 14 -1 13 -1 14 -1 13 -1 14 -1 13 -1 14 -1 13 -1 14 -1 13 -1 14 -1 13 -1 14 -1 13 -1 14 -1 13 -1 14 -1 16 -1 15 -1 16 -1 15 -1 16 -1 15 -1 16 -1 15 -1 16 -1 15 -1 16 -1 15 -1 16 -1 15 -1 16 -1 15 -1 16 -1 15 -1 16 -1 15 -1 16 -1 15 -1 16 -1 15 -1 16 -1 15 -1 16 -1 15 -1 16 -1 15 -1 18 -1 17 -1 18 -1 17 -1 52 -1 51 -1 52 -1 51 -1 52 -1 54 -1 53 -1 54 -1 53 -1 54 -1 -2 
5 1 -1 8 -1 13 -1 14 -1 13 -1 14 -1 13 -1 14 -1 13 -1 14 -1 13 -1 14 -1 13 -1 14 -1 13 -1 14 -1 13 -1 14 -1 13 -1 14 -1 13 -1 14 -1 13 -1 16 -1 15 -1 16 -1 15 -1 16 -1 15 -1 16 -1 15 -1 16 -1 15 -1 16 -1 15 -1 16 -1 15 -1 16 -1 15 -1 16 -1 15 -1 16 -1 15 -1 16 -1 18 -1 17 -1 18 -1 46 -1 52 -1 51 -1 52 -1 51 -1 52 -1 54 -1 53 -1 54 -1 53 -1 54 -1 53 -1 54 -1 -2 
5 1 -1 2 -1 1 -1 8 -1 10 -1 13 -1 14 -1 13 -1 14 -1 13 -1 14 -1 13 -1 14 -1 13 -1 14 -1 16 -1 15 -1 16 -1 15 -1 16 -1 15 -1 16 -1 15 -1 16 -1 15 -1 18 -1 17 -1 18 -1 17 -1 24 -1 52 -1 51 -1 52 -1 54 -1 53 -1 54 -1 53 -1 54 -1 -2 
5 1 -1 8 -1 13 -1 14 -1 13 -1 14 -1 13 -1 14 -1 13 -1 14 -1 13 -1 14 -1 13 -1 16 -1 15 -1 16 -1 15 -1 16 -1 15 -1 16 -1 15 -1 16 -1 15 -1 16 -1 18 -1 17 -1 18 -1 52 -1 54 -1 53 -1 54 -1 53 -1 54 -1 -2 
5 1 -1 8 -1 7 -1 8 -1 13 -1 14 -1 13 -1 14 -1 13 -1 14 -1 13 -1 14 -1 13 -1 14 -1 13 -1 14 -1 13 -1 14 -1 13 -1 14 -1 13 -1 14 -1 13 -1 14 -1 16 -1 15 -1 16 -1 15 -1 16 -1 15 -1 16 -1 15 -1 16 -1 15 -1 16 -1 15 -1 16 -1 15 -1 16 -1 15 -1 16 -1 15 -1 16 -1 15 -1 18 -1 17 -1 18 -1 17 -1 24 -1 25 -1 24 -1 27 -1 26 -1 27 -1 46 -1 49 -1 52 -1 51 -1 54 -1 53 -1 54 -1 53 -1 54 -1 -2 
5 1 -1 8 -1 13 -1 14 -1 13 -1 14 -1 13 -1 14 -1 13 -1 14 -1 13 -1 14 -1 13 -1 14 -1 13 -1 14 -1 13 -1 16 -1 15 -1 16 -1 15 -1 16 -1 15 -1 16 -1 15 -1 16 -1 15 -1 16 -1 15 -1 16 -1 15 -1 16 -1 18 -1 17 -1 18 -1 24 -1 25 -1 24 -1 25 -1 24 -1 25 -1 24 -1 27 -1 26 -1 27 -1 26 -1 27 -1 51 -1 52 -1 54 -1 53 -1 54 -1 53 -1 54 -1 -2 
5 1 -1 4 -1 8 -1 7 -1 8 -1 10 -1 13 -1 14 -1 13 -1 14 -1 13 -1 14 -1 13 -1 14 -1 13 -1 14 -1 13 -1 14 -1 13 -1 14 -1 13 -1 14 -1 13 -1 14 -1 13 -1 14 -1 13 -1 14 -1 13 -1 14 -1 13 -1 14 -1 13 -1 14 -1 16 -1 15 -1 16 -1 15 -1 16 -1 15 -1 16 -1 15 -1 16 -1 15 -1 16 -1 15 -1 16 -1 15 -1 16 -1 15 -1 16 -1 15 -1 16 -1 15 -1 16 -1 15 -1 16 -1 15 -1 16 -1 15 -1 16 -1 15 -1 18 -1 17 -1 18 -1 17 -1 18 -1 24 -1 25 -1 24 -1 25 -1 24 -1 27 -1 26 -1 27 -1 46 -1 49 -1 54 -1 53 -1 54 -1 53 -1 54 -1 -2 
5 1 -1 8 -1 13 -1 14 -1 13 -1 14 -1 13 -1 14 -1 13 -1 14 -1 13 -1 14 -1 13 -1 14 -1 13 -1 14 -1 13 -1 14 -1 13 -1 14 -1 13 -1 14 -1 13 -1 14 -1 13 -1 14 -1 13 -1 16 -1 15 -1 16 -1 15 -1 16 -1 15 -1 16 -1 15 -1 16 -1 15 -1 16 -1 15 -1 16 -1 15 -1 16 -1 15 -1 16 -1 15 -1 16 -1 15 -1 16 -1 15 -1 16 -1 15 -1 16 -1 18 -1 17 -1 18 -1 24 -1 25 -1 24 -1 25 -1 24 -1 25 -1 24 -1 27 -1 26 -1 27 -1 26 -1 27 -1 26 -1 27 -1 46 -1 52 -1 54 -1 53 -1 54 -1 -2 
5 1 -1 8 -1 13 -1 14 -1 13 -1 14 -1 13 -1 14 -1 13 -1 14 -1 13 -1 14 -1 13 -1 14 -1 13 -1 14 -1 13 -1 14 -1 13 -1 14 -1 13 -1 14 -1 13 -1 14 -1 13 -1 14 -1 13 -1 14 -1 13 -1 14 -1 13 -1 14 -1 13 -1 14 -1 13 -1 14 -1 13 -1 14 -1 13 -1 14 -1 16 -1 15 -1 16 -1 15 -1 16 -1 15 -1 16 -1 15 -1 16 -1 15 -1 16 -1 15 -1 16 -1 15 -1 16 -1 15 -1 16 -1 15 -1 16 -1 15 -1 16 -1 15 -1 16 -1 15 -1 16 -1 15 -1 16 -1 15 -1 16 -1 15 -1 16 -1 15 -1 16 -1 15 -1 16 -1 15 -1 16 -1 15 -1 18 -1 17 -1 18 -1 24 -1 25 -1 24 -1 25 -1 24 -1 27 -1 26 -1 27 -1 26 -1 27 -1 52 -1 51 -1 52 -1 54 -1 53 -1 54 -1 -2 
5 1 -1 2 -1 1 -1 8 -1 13 -1 14 -1 13 -1 14 -1 13 -1 14 -1 13 -1 14 -1 13 -1 14 -1 13 -1 14 -1 13 -1 14 -1 13 -1 14 -1 13 -1 14 -1 13 -1 14 -1 13 -1 14 -1 16 -1 15 -1 16 -1 15 -1 16 -1 15 -1 16 -1 15 -1 16 -1 15 -1 16 -1 15 -1 16 -1 15 -1 16 -1 15 -1 16 -1 15 -1 16 -1 15 -1 16 -1 15 -1 18 -1 17 -1 18 -1 17 -1 24 -1 25 -1 24 -1 25 -1 24 -1 27 -1 26 -1 27 -1 52 -1 51 -1 52 -1 51 -1 52 -1 54 -1 53 -1 54 -1 53 -1 54 -1 -2 
5 1 -1 8 -1 13 -1 14 -1 13 -1 14 -1 13 -1 14 -1 13 -1 14 -1 13 -1 14 -1 13 -1 14 -1 16 -1 15 -1 16 -1 15 -1 16 -1 15 -1 16 -1 15 -1 16 -1 15 -1 16 -1 15 -1 18 -1 17 -1 18 -1 17 -1 24 -1 25 -1 24 -1 25 -1 24 -1 25 -1 24 -1 27 -1 26 -1 27 -1 26 -1 27 -1 26 -1 27 -1 46 -1 52 -1 51 -1 52 -1 51 -1 52 -1 54 -1 53 -1 54 -1 53 -1 54 -1 -2 
5 1 -1 8 -1 12 -1 13 -1 14 -1 13 -1 14 -1 13 -1 14 -1 13 -1 14 -1 13 -1 14 -1 13 -1 14 -1 13 -1 14 -1 13 -1 14 -1 13 -1 14 -1 13 -1 14 -1 13 -1 14 -1 13 -1 14 -1 13 -1 14 -1 16 -1 15 -1 16 -1 15 -1 16 -1 15 -1 16 -1 15 -1 16 -1 15 -1 16 -1 15 -1 16 -1 15 -1 16 -1 15 -1 16 -1 15 -1 16 -1 15 -1 16 -1 15 -1 16 -1 15 -1 16 -1 15 -1 18 -1 17 -1 18 -1 24 -1 25 -1 24 -1 25 -1 24 -1 27 -1 26 -1 27 -1 52 -1 54 -1 53 -1 54 -1 53 -1 54 -1 -2 
5 1 -1 8 -1 13 -1 14 -1 13 -1 14 -1 13 -1 14 -1 13 -1 14 -1 13 -1 14 -1 13 -1 14 -1 16 -1 15 -1 16 -1 15 -1 16 -1 15 -1 16 -1 15 -1 16 -1 15 -1 16 -1 15 -1 18 -1 17 -1 18 -1 24 -1 25 -1 24 -1 25 -1 24 -1 25 -1 24 -1 27 -1 26 -1 27 -1 26 -1 27 -1 26 -1 27 -1 52 -1 51 -1 52 -1 51 -1 52 -1 51 -1 52 -1 51 -1 52 -1 54 -1 53 -1 54 -1 53 -1 54 -1 -2 
5 1 -1 8 -1 13 -1 14 -1 13 -1 14 -1 13 -1 14 -1 13 -1 14 -1 13 -1 14 -1 13 -1 14 -1 13 -1 14 -1 13 -1 14 -1 13 -1 14 -1 13 -1 14 -1 13 -1 14 -1 13 -1 14 -1 13 -1 14 -1 13 -1 14 -1 16 -1 15 -1 16 -1 15 -1 16 -1 15 -1 16 -1 15 -1 16 -1 15 -1 16 -1 15 -1 16 -1 15 -1 16 -1 15 -1 16 -1 15 -1 16 -1 15 -1 16 -1 15 -1 16 -1 15 -1 16 -1 15 -1 16 -1 15 -1 18 -1 24 -1 25 -1 24 -1 25 -1 24 -1 25 -1 24 -1 27 -1 26 -1 27 -1 54 -1 53 -1 54 -1 53 -1 54 -1 -2 
5 1 -1 8 -1 13 -1 14 -1 13 -1 14 -1 13 -1 14 -1 13 -1 14 -1 13 -1 14 -1 13 -1 14 -1 13 -1 14 -1 13 -1 14 -1 13 -1 14 -1 13 -1 14 -1 13 -1 14 -1 16 -1 15 -1 16 -1 15 -1 16 -1 15 -1 16 -1 15 -1 16 -1 15 -1 16 -1 15 -1 16 -1 15 -1 16 -1 15 -1 16 -1 15 -1 16 -1 15 -1 16 -1 15 -1 18 -1 17 -1 18 -1 17 -1 24 -1 25 -1 24 -1 25 -1 24 -1 25 -1 24 -1 27 -1 26 -1 27 -1 26 -1 27 -1 26 -1 27 -1 54 -1 53 -1 54 -1 53 -1 54 -1 -2 
5 1 -1 8 -1 12 -1 13 -1 14 -1 13 -1 14 -1 13 -1 14 -1 13 -1 14 -1 13 -1 14 -1 13 -1 14 -1 13 -1 14 -1 13 -1 14 -1 13 -1 14 -1 13 -1 14 -1 13 -1 14 -1 16 -1 15 -1 16 -1 15 -1 16 -1 15 -1 16 -1 15 -1 16 -1 15 -1 16 -1 15 -1 16 -1 15 -1 16 -1 15 -1 16 -1 15 -1 16 -1 15 -1 16 -1 15 -1 18 -1 17 -1 18 -1 17 -1 24 -1 25 -1 24 -1 25 -1 24 -1 27 -1 26 -1 27 -1 52 -1 54 -1 53 -1 54 -1 53 -1 54 -1 -2 
5 1 -1 8 -1 13 -1 14 -1 13 -1 14 -1 13 -1 14 -1 16 -1 15 -1 16 -1 15 -1 16 -1 15 -1 18 -1 17 -1 18 -1 17 -1 24 -1 25 -1 24 -1 25 -1 24 -1 25 -1 24 -1 27 -1 26 -1 27 -1 26 -1 27 -1 52 -1 51 -1 52 -1 51 -1 52 -1 54 -1 53 -1 54 -1 53 -1 54 -1 -2 
5 1 -1 2 -1 1 -1 8 -1 12 -1 13 -1 14 -1 13 -1 14 -1 13 -1 14 -1 13 -1 14 -1 13 -1 14 -1 13 -1 14 -1 13 -1 14 -1 13 -1 14 -1 13 -1 14 -1 13 -1 14 -1 13 -1 14 -1 13 -1 14 -1 13 -1 14 -1 16 -1 15 -1 16 -1 15 -1 16 -1 15 -1 16 -1 15 -1 16 -1 15 -1 16 -1 15 -1 16 -1 15 -1 16 -1 15 -1 16 -1 15 -1 16 -1 15 -1 16 -1 15 -1 16 -1 15 -1 16 -1 15 -1 18 -1 17 -1 18 -1 17 -1 24 -1 25 -1 24 -1 25 -1 24 -1 25 -1 24 -1 27 -1 26 -1 27 -1 54 -1 53 -1 54 -1 53 -1 54 -1 -2 
5 1 -1 8 -1 13 -1 14 -1 13 -1 14 -1 13 -1 14 -1 13 -1 14 -1 13 -1 14 -1 13 -1 14 -1 13 -1 14 -1 13 -1 14 -1 13 -1 14 -1 13 -1 14 -1 13 -1 14 -1 13 -1 14 -1 13 -1 14 -1 13 -1 14 -1 13 -1 14 -1 13 -1 14 -1 13 -1 14 -1 16 -1 15 -1 16 -1 15 -1 16 -1 15 -1 16 -1 15 -1 16 -1 15 -1 16 -1 15 -1 16 -1 15 -1 16 -1 15 -1 16 -1 15 -1 16 -1 15 -1 16 -1 15 -1 16 -1 15 -1 16 -1 15 -1 16 -1 15 -1 16 -1 15 -1 16 -1 15 -1 16 -1 15 -1 18 -1 17 -1 18 -1 17 -1 24 -1 25 -1 24 -1 25 -1 24 -1 25 -1 24 -1 27 -1 26 -1 27 -1 26 -1 27 -1 46 -1 52 -1 51 -1 52 -1 51 -1 54 -1 53 -1 54 -1 53 -1 54 -1 -2 
5 1 -1 2 -1 1 -1 8 -1 13 -1 14 -1 13 -1 14 -1 13 -1 14 -1 13 -1 14 -1 13 -1 14 -1 13 -1 14 -1 13 -1 14 -1 13 -1 14 -1 13 -1 14 -1 13 -1 14 -1 13 -1 14 -1 13 -1 14 -1 16 -1 15 -1 16 -1 15 -1 16 -1 15 -1 16 -1 15 -1 16 -1 15 -1 16 -1 15 -1 16 -1 15 -1 16 -1 15 -1 16 -1 15 -1 16 -1 15 -1 16 -1 15 -1 16 -1 15 -1 18 -1 17 -1 18 -1 17 -1 24 -1 25 -1 24 -1 25 -1 24 -1 25 -1 24 -1 27 -1 26 -1 27 -1 26 -1 27 -1 46 -1 51 -1 52 -1 54 -1 53 -1 54 -1 53 -1 54 -1 -2 
5 1 -1 8 -1 13 -1 14 -1 13 -1 14 -1 13 -1 14 -1 13 -1 14 -1 13 -1 14 -1 13 -1 14 -1 13 -1 14 -1 13 -1 14 -1 13 -1 14 -1 13 -1 14 -1 16 -1 15 -1 16 -1 15 -1 16 -1 15 -1 16 -1 15 -1 16 -1 15 -1 16 -1 15 -1 16 -1 15 -1 16 -1 15 -1 16 -1 15 -1 16 -1 15 -1 18 -1 17 -1 18 -1 17 -1 24 -1 25 -1 24 -1 25 -1 24 -1 27 -1 26 -1 27 -1 52 -1 51 -1 52 -1 54 -1 53 -1 54 -1 -2 
5 1 -1 8 -1 13 -1 14 -1 13 -1 14 -1 13 -1 14 -1 13 -1 14 -1 13 -1 14 -1 13 -1 14 -1 13 -1 14 -1 16 -1 15 -1 16 -1 15 -1 16 -1 15 -1 16 -1 15 -1 16 -1 15 -1 16 -1 15 -1 16 -1 15 -1 18 -1 17 -1 18 -1 17 -1 24 -1 25 -1 24 -1 25 -1 24 -1 27 -1 52 -1 54 -1 53 -1 54 -1 53 -1 54 -1 -2 
5 1 -1 8 -1 13 -1 14 -1 13 -1 14 -1 13 -1 14 -1 13 -1 14 -1 13 -1 14 -1 13 -1 14 -1 13 -1 14 -1 16 -1 15 -1 16 -1 15 -1 16 -1 15 -1 16 -1 15 -1 16 -1 15 -1 16 -1 15 -1 16 -1 15 -1 18 -1 17 -1 18 -1 17 -1 24 -1 25 -1 24 -1 25 -1 24 -1 27 -1 52 -1 51 -1 52 -1 51 -1 54 -1 53 -1 54 -1 53 -1 54 -1 -2 
5 1 -1 2 -1 1 -1 8 -1 12 -1 13 -1 14 -1 13 -1 14 -1 13 -1 14 -1 13 -1 14 -1 13 -1 14 -1 13 -1 14 -1 13 -1 14 -1 13 -1 14 -1 13 -1 14 -1 16 -1 15 -1 16 -1 15 -1 16 -1 15 -1 16 -1 15 -1 16 -1 15 -1 16 -1 15 -1 16 -1 15 -1 16 -1 15 -1 16 -1 15 -1 18 -1 17 -1 18 -1 17 -1 24 -1 27 -1 54 -1 53 -1 54 -1 53 -1 54 -1 -2 
5 1 -1 8 -1 13 -1 14 -1 13 -1 14 -1 13 -1 14 -1 13 -1 14 -1 13 -1 14 -1 13 -1 14 -1 13 -1 14 -1 13 -1 16 -1 15 -1 16 -1 15 -1 16 -1 15 -1 16 -1 15 -1 16 -1 15 -1 16 -1 15 -1 16 -1 15 -1 16 -1 18 -1 17 -1 18 -1 24 -1 25 -1 24 -1 25 -1 24 -1 27 -1 26 -1 27 -1 52 -1 51 -1 52 -1 51 -1 52 -1 51 -1 54 -1 53 -1 54 -1 53 -1 54 -1 -2 
5 1 -1 2 -1 1 -1 8 -1 13 -1 14 -1 13 -1 14 -1 13 -1 14 -1 13 -1 14 -1 13 -1 14 -1 13 -1 14 -1 13 -1 14 -1 13 -1 14 -1 13 -1 14 -1 13 -1 14 -1 13 -1 14 -1 13 -1 14 -1 13 -1 14 -1 13 -1 14 -1 13 -1 14 -1 13 -1 14 -1 13 -1 14 -1 13 -1 14 -1 16 -1 15 -1 16 -1 15 -1 16 -1 15 -1 16 -1 15 -1 16 -1 15 -1 16 -1 15 -1 16 -1 15 -1 16 -1 15 -1 16 -1 15 -1 16 -1 15 -1 16 -1 15 -1 16 -1 15 -1 16 -1 15 -1 16 -1 15 -1 16 -1 15 -1 16 -1 15 -1 16 -1 15 -1 16 -1 15 -1 18 -1 17 -1 18 -1 17 -1 24 -1 25 -1 24 -1 25 -1 24 -1 25 -1 24 -1 27 -1 26 -1 27 -1 26 -1 27 -1 46 -1 51 -1 52 -1 54 -1 53 -1 54 -1 53 -1 54 -1 -2 
5 1 -1 8 -1 13 -1 14 -1 13 -1 14 -1 13 -1 14 -1 13 -1 14 -1 13 -1 14 -1 13 -1 14 -1 13 -1 14 -1 13 -1 14 -1 13 -1 14 -1 13 -1 14 -1 13 -1 14 -1 16 -1 15 -1 16 -1 15 -1 16 -1 15 -1 16 -1 15 -1 16 -1 15 -1 16 -1 15 -1 16 -1 15 -1 16 -1 15 -1 16 -1 15 -1 16 -1 15 -1 16 -1 15 -1 18 -1 17 -1 18 -1 17 -1 24 -1 25 -1 24 -1 25 -1 24 -1 27 -1 26 -1 27 -1 26 -1 27 -1 52 -1 51 -1 52 -1 54 -1 53 -1 54 -1 53 -1 54 -1 -2 
5 1 -1 8 -1 12 -1 13 -1 14 -1 13 -1 14 -1 13 -1 14 -1 13 -1 14 -1 13 -1 14 -1 13 -1 14 -1 13 -1 14 -1 13 -1 14 -1 13 -1 14 -1 13 -1 14 -1 13 -1 14 -1 16 -1 15 -1 16 -1 15 -1 16 -1 15 -1 16 -1 15 -1 16 -1 15 -1 16 -1 15 -1 16 -1 15 -1 16 -1 15 -1 16 -1 15 -1 16 -1 15 -1 16 -1 15 -1 18 -1 17 -1 18 -1 17 -1 24 -1 25 -1 24 -1 25 -1 24 -1 27 -1 26 -1 27 -1 26 -1 27 -1 51 -1 52 -1 51 -1 52 -1 51 -1 52 -1 54 -1 53 -1 54 -1 53 -1 54 -1 -2 
5 1 -1 2 -1 8 -1 7 -1 13 -1 14 -1 13 -1 14 -1 13 -1 14 -1 13 -1 14 -1 13 -1 14 -1 13 -1 14 -1 13 -1 14 -1 13 -1 14 -1 13 -1 14 -1 13 -1 14 -1 13 -1 14 -1 13 -1 14 -1 13 -1 14 -1 13 -1 14 -1 13 -1 14 -1 13 -1 14 -1 13 -1 14 -1 13 -1 14 -1 13 -1 14 -1 13 -1 14 -1 13 -1 14 -1 13 -1 14 -1 13 -1 14 -1 16 -1 15 -1 16 -1 15 -1 16 -1 15 -1 16 -1 15 -1 16 -1 15 -1 16 -1 15 -1 16 -1 15 -1 16 -1 15 -1 16 -1 15 -1 16 -1 15 -1 16 -1 15 -1 16 -1 15 -1 16 -1 15 -1 16 -1 15 -1 16 -1 15 -1 16 -1 15 -1 16 -1 15 -1 16 -1 15 -1 16 -1 15 -1 16 -1 15 -1 16 -1 15 -1 16 -1 15 -1 16 -1 15 -1 18 -1 17 -1 18 -1 17 -1 24 -1 25 -1 24 -1 25 -1 24 -1 25 -1 24 -1 25 -1 27 -1 26 -1 27 -1 26 -1 27 -1 26 -1 27 -1 26 -1 52 -1 54 -1 53 -1 54 -1 53 -1 54 -1 53 -1 -2 
