1 1 -1 4 -1 6 -1 9 -1 13 -1 14 -1 13 -1 12 -1 13 -1 16 -1 15 -1 16 -1 17 -1 15 -1 16 -1 15 -1 16 -1 15 -1 16 -1 18 -1 23 -1 21 -1 22 -1 21 -1 27 -1 28 -1 29 -1 28 -1 -2 
1 1 -1 4 -1 8 -1 7 -1 6 -1 13 -1 12 -1 13 -1 16 -1 17 -1 15 -1 16 -1 18 -1 23 -1 22 -1 21 -1 22 -1 21 -1 23 -1 22 -1 27 -1 28 -1 27 -1 28 -1 33 -1 38 -1 36 -1 -2 
1 1 -1 11 -1 13 -1 12 -1 13 -1 12 -1 13 -1 16 -1 15 -1 16 -1 15 -1 18 -1 22 -1 23 -1 22 -1 21 -1 27 -1 28 -1 29 -1 28 -1 -2 
1 1 -1 5 -1 8 -1 7 -1 6 -1 9 -1 13 -1 12 -1 13 -1 15 -1 16 -1 15 -1 18 -1 21 -1 22 -1 22 -1 21 -1 22 -1 27 -1 28 -1 38 -1 36 -1 -2 
1 1 -1 8 -1 7 -1 6 -1 9 -1 13 -1 15 -1 16 -1 15 -1 16 -1 15 -1 18 -1 19 -1 18 -1 22 -1 23 -1 22 -1 21 -1 22 -1 21 -1 22 -1 21 -1 27 -1 28 -1 29 -1 28 -1 38 -1 36 -1 41 -1 -2 
1 1 -1 6 -1 9 -1 13 -1 12 -1 13 -1 15 -1 16 -1 15 -1 16 -1 15 -1 16 -1 15 -1 18 -1 23 -1 22 -1 21 -1 23 -1 22 -1 21 -1 22 -1 21 -1 27 -1 28 -1 36 -1 41 -1 -2 
1 1 -1 4 -1 11 -1 13 -1 12 -1 13 -1 15 -1 16 -1 15 -1 16 -1 15 -1 18 -1 21 -1 22 -1 21 -1 27 -1 28 -1 -2 
1 1 -1 4 -1 5 -1 6 -1 11 -1 10 -1 9 -1 13 -1 16 -1 15 -1 18 -1 23 -1 21 -1 22 -1 23 -1 27 -1 28 -1 38 -1 36 -1 -2 
1 1 -1 5 -1 4 -1 8 -1 13 -1 12 -1 13 -1 12 -1 13 -1 12 -1 13 -1 15 -1 16 -1 15 -1 18 -1 23 -1 27 -1 28 -1 38 -1 36 -1 41 -1 -2 
1 1 -1 4 -1 5 -1 6 -1 9 -1 13 -1 12 -1 13 -1 12 -1 13 -1 15 -1 16 -1 15 -1 16 -1 15 -1 16 -1 15 -1 16 -1 15 -1 16 -1 18 -1 19 -1 20 -1 22 -1 22 -1 27 -1 28 -1 33 -1 38 -1 36 -1 -2 
1 1 -1 5 -1 8 -1 11 -1 13 -1 12 -1 13 -1 17 -1 16 -1 15 -1 18 -1 27 -1 28 -1 32 -1 39 -1 -2 
1 1 -1 9 -1 13 -1 12 -1 13 -1 12 -1 13 -1 15 -1 16 -1 15 -1 16 -1 15 -1 18 -1 27 -1 28 -1 29 -1 28 -1 -2 
1 1 -1 4 -1 8 -1 11 -1 13 -1 12 -1 13 -1 17 -1 16 -1 15 -1 16 -1 15 -1 16 -1 15 -1 18 -1 22 -1 21 -1 27 -1 28 -1 38 -1 40 -1 -2 
1 1 -1 4 -1 5 -1 11 -1 13 -1 12 -1 13 -1 15 -1 16 -1 15 -1 16 -1 15 -1 16 -1 15 -1 18 -1 21 -1 27 -1 28 -1 -2 
1 1 -1 5 -1 13 -1 12 -1 13 -1 16 -1 15 -1 16 -1 15 -1 16 -1 15 -1 16 -1 17 -1 18 -1 21 -1 22 -1 27 -1 28 -1 -2 
1 1 -1 4 -1 13 -1 12 -1 13 -1 15 -1 16 -1 15 -1 18 -1 21 -1 22 -1 21 -1 23 -1 27 -1 28 -1 -2 
1 1 -1 4 -1 5 -1 4 -1 8 -1 11 -1 13 -1 15 -1 18 -1 23 -1 21 -1 27 -1 28 -1 29 -1 28 -1 33 -1 36 -1 -2 
1 1 -1 4 -1 6 -1 11 -1 13 -1 17 -1 15 -1 16 -1 15 -1 16 -1 15 -1 16 -1 18 -1 19 -1 20 -1 23 -1 21 -1 22 -1 21 -1 27 -1 28 -1 -2 
1 1 -1 6 -1 9 -1 13 -1 17 -1 16 -1 15 -1 18 -1 21 -1 22 -1 23 -1 22 -1 21 -1 22 -1 27 -1 28 -1 -2 
1 1 -1 13 -1 17 -1 15 -1 18 -1 19 -1 20 -1 22 -1 21 -1 23 -1 21 -1 27 -1 28 -1 27 -1 28 -1 29 -1 28 -1 30 -1 -2 
1 1 -1 9 -1 13 -1 14 -1 13 -1 12 -1 13 -1 15 -1 16 -1 15 -1 16 -1 15 -1 16 -1 18 -1 19 -1 20 -1 21 -1 22 -1 21 -1 22 -1 21 -1 27 -1 28 -1 32 -1 41 -1 40 -1 39 -1 -2 
1 1 -1 6 -1 9 -1 13 -1 12 -1 13 -1 16 -1 15 -1 16 -1 18 -1 23 -1 22 -1 27 -1 28 -1 29 -1 28 -1 -2 
1 1 -1 8 -1 7 -1 6 -1 9 -1 13 -1 12 -1 13 -1 16 -1 15 -1 16 -1 18 -1 22 -1 21 -1 27 -1 28 -1 29 -1 28 -1 38 -1 -2 
1 1 -1 11 -1 10 -1 9 -1 13 -1 15 -1 16 -1 15 -1 16 -1 15 -1 18 -1 23 -1 27 -1 28 -1 29 -1 28 -1 -2 
1 1 -1 11 -1 13 -1 15 -1 16 -1 15 -1 18 -1 22 -1 27 -1 28 -1 -2 
1 1 -1 5 -1 6 -1 13 -1 15 -1 16 -1 15 -1 16 -1 17 -1 18 -1 21 -1 22 -1 21 -1 22 -1 21 -1 27 -1 28 -1 -2 
1 1 -1 8 -1 11 -1 13 -1 15 -1 16 -1 15 -1 16 -1 15 -1 16 -1 18 -1 21 -1 22 -1 21 -1 23 -1 27 -1 28 -1 30 -1 41 -1 40 -1 -2 
1 1 -1 8 -1 7 -1 6 -1 11 -1 10 -1 9 -1 13 -1 15 -1 18 -1 21 -1 22 -1 22 -1 21 -1 22 -1 27 -1 28 -1 29 -1 28 -1 38 -1 -2 
1 1 -1 5 -1 4 -1 8 -1 11 -1 10 -1 9 -1 13 -1 15 -1 16 -1 15 -1 18 -1 21 -1 22 -1 21 -1 27 -1 28 -1 30 -1 39 -1 -2 
1 1 -1 11 -1 10 -1 9 -1 13 -1 12 -1 13 -1 15 -1 16 -1 17 -1 16 -1 15 -1 16 -1 17 -1 18 -1 22 -1 21 -1 27 -1 28 -1 29 -1 28 -1 30 -1 38 -1 40 -1 39 -1 -2 
1 1 -1 13 -1 15 -1 16 -1 18 -1 23 -1 22 -1 21 -1 27 -1 28 -1 -2 
1 1 -1 5 -1 11 -1 10 -1 9 -1 13 -1 16 -1 15 -1 16 -1 15 -1 16 -1 15 -1 18 -1 21 -1 27 -1 28 -1 29 -1 28 -1 -2 
1 1 -1 13 -1 12 -1 13 -1 15 -1 16 -1 15 -1 16 -1 17 -1 18 -1 21 -1 22 -1 23 -1 27 -1 28 -1 29 -1 28 -1 30 -1 -2 
1 1 -1 11 -1 13 -1 15 -1 16 -1 18 -1 22 -1 21 -1 27 -1 28 -1 -2 
1 1 -1 6 -1 13 -1 12 -1 13 -1 12 -1 13 -1 15 -1 18 -1 19 -1 18 -1 23 -1 22 -1 21 -1 27 -1 28 -1 -2 
1 1 -1 9 -1 13 -1 15 -1 16 -1 15 -1 16 -1 17 -1 18 -1 19 -1 20 -1 23 -1 22 -1 21 -1 22 -1 27 -1 28 -1 -2 
1 1 -1 2 -1 1 -1 6 -1 7 -1 6 -1 9 -1 13 -1 12 -1 13 -1 12 -1 13 -1 12 -1 13 -1 15 -1 16 -1 15 -1 16 -1 15 -1 16 -1 15 -1 16 -1 15 -1 16 -1 18 -1 19 -1 18 -1 19 -1 20 -1 23 -1 22 -1 21 -1 22 -1 21 -1 22 -1 23 -1 27 -1 28 -1 29 -1 27 -1 28 -1 30 -1 31 -1 32 -1 41 -1 -2 
1 1 -1 5 -1 4 -1 13 -1 15 -1 16 -1 18 -1 19 -1 20 -1 21 -1 23 -1 21 -1 27 -1 28 -1 -2 
1 1 -1 6 -1 9 -1 13 -1 12 -1 13 -1 15 -1 16 -1 15 -1 16 -1 15 -1 18 -1 19 -1 20 -1 21 -1 27 -1 28 -1 29 -1 28 -1 30 -1 -2 
1 1 -1 5 -1 13 -1 15 -1 16 -1 18 -1 21 -1 22 -1 27 -1 28 -1 29 -1 28 -1 -2 
1 1 -1 5 -1 8 -1 9 -1 13 -1 12 -1 13 -1 16 -1 15 -1 16 -1 15 -1 18 -1 22 -1 27 -1 28 -1 36 -1 -2 
1 1 -1 6 -1 11 -1 10 -1 9 -1 13 -1 15 -1 16 -1 15 -1 16 -1 15 -1 16 -1 15 -1 16 -1 18 -1 19 -1 20 -1 22 -1 21 -1 22 -1 21 -1 22 -1 27 -1 28 -1 30 -1 31 -1 32 -1 40 -1 -2 
1 1 -1 4 -1 5 -1 4 -1 6 -1 11 -1 10 -1 9 -1 13 -1 12 -1 13 -1 16 -1 15 -1 18 -1 19 -1 20 -1 21 -1 22 -1 27 -1 28 -1 33 -1 38 -1 36 -1 -2 
1 1 -1 13 -1 15 -1 18 -1 21 -1 23 -1 22 -1 21 -1 27 -1 28 -1 30 -1 36 -1 -2 
1 1 -1 13 -1 15 -1 18 -1 21 -1 22 -1 21 -1 27 -1 28 -1 29 -1 28 -1 30 -1 31 -1 32 -1 -2 
1 1 -1 11 -1 13 -1 15 -1 16 -1 18 -1 19 -1 20 -1 21 -1 27 -1 28 -1 32 -1 -2 
1 1 -1 11 -1 13 -1 14 -1 13 -1 16 -1 15 -1 16 -1 15 -1 18 -1 19 -1 20 -1 21 -1 22 -1 27 -1 28 -1 -2 
1 1 -1 13 -1 15 -1 16 -1 15 -1 18 -1 19 -1 20 -1 21 -1 27 -1 28 -1 30 -1 -2 
1 1 -1 6 -1 9 -1 13 -1 12 -1 13 -1 12 -1 13 -1 15 -1 16 -1 15 -1 16 -1 18 -1 19 -1 20 -1 23 -1 21 -1 22 -1 27 -1 28 -1 36 -1 -2 
1 1 -1 13 -1 15 -1 16 -1 15 -1 16 -1 15 -1 16 -1 18 -1 22 -1 21 -1 27 -1 28 -1 29 -1 28 -1 30 -1 36 -1 -2 
1 1 -1 13 -1 16 -1 15 -1 16 -1 18 -1 21 -1 27 -1 28 -1 -2 
1 1 -1 6 -1 9 -1 13 -1 12 -1 13 -1 12 -1 13 -1 15 -1 16 -1 18 -1 23 -1 21 -1 22 -1 21 -1 22 -1 26 -1 27 -1 28 -1 30 -1 31 -1 32 -1 36 -1 -2 
1 1 -1 9 -1 13 -1 15 -1 16 -1 15 -1 18 -1 22 -1 23 -1 22 -1 21 -1 27 -1 28 -1 29 -1 28 -1 -2 
1 1 -1 6 -1 13 -1 17 -1 15 -1 16 -1 15 -1 16 -1 18 -1 19 -1 18 -1 21 -1 22 -1 21 -1 27 -1 28 -1 32 -1 -2 
1 1 -1 13 -1 16 -1 15 -1 16 -1 15 -1 18 -1 22 -1 21 -1 22 -1 23 -1 21 -1 27 -1 28 -1 -2 
1 1 -1 6 -1 13 -1 15 -1 16 -1 15 -1 18 -1 19 -1 20 -1 21 -1 22 -1 21 -1 27 -1 28 -1 29 -1 28 -1 32 -1 36 -1 -2 
1 1 -1 4 -1 6 -1 9 -1 13 -1 15 -1 16 -1 15 -1 18 -1 22 -1 21 -1 27 -1 28 -1 33 -1 -2 
1 1 -1 4 -1 6 -1 9 -1 13 -1 12 -1 13 -1 15 -1 16 -1 15 -1 16 -1 15 -1 18 -1 19 -1 21 -1 27 -1 28 -1 29 -1 28 -1 32 -1 -2 
1 1 -1 4 -1 9 -1 13 -1 17 -1 15 -1 16 -1 15 -1 19 -1 18 -1 23 -1 22 -1 21 -1 26 -1 27 -1 28 -1 29 -1 28 -1 -2 
1 1 -1 11 -1 13 -1 15 -1 16 -1 15 -1 16 -1 18 -1 21 -1 22 -1 27 -1 28 -1 41 -1 -2 
1 1 -1 13 -1 17 -1 16 -1 15 -1 16 -1 15 -1 18 -1 23 -1 22 -1 21 -1 22 -1 24 -1 25 -1 24 -1 27 -1 28 -1 29 -1 28 -1 30 -1 -2 
1 1 -1 5 -1 4 -1 13 -1 12 -1 13 -1 15 -1 18 -1 21 -1 27 -1 28 -1 29 -1 28 -1 30 -1 31 -1 32 -1 -2 
1 1 -1 6 -1 11 -1 13 -1 12 -1 13 -1 15 -1 16 -1 15 -1 16 -1 17 -1 15 -1 16 -1 18 -1 21 -1 27 -1 28 -1 30 -1 -2 
1 1 -1 11 -1 13 -1 16 -1 15 -1 16 -1 15 -1 18 -1 23 -1 22 -1 21 -1 27 -1 28 -1 32 -1 31 -1 30 -1 31 -1 32 -1 -2 
1 1 -1 13 -1 15 -1 16 -1 18 -1 21 -1 22 -1 26 -1 27 -1 28 -1 29 -1 28 -1 30 -1 -2 
1 1 -1 4 -1 6 -1 11 -1 10 -1 9 -1 13 -1 12 -1 13 -1 16 -1 15 -1 18 -1 22 -1 23 -1 21 -1 22 -1 27 -1 28 -1 30 -1 39 -1 -2 
1 1 -1 6 -1 9 -1 13 -1 15 -1 16 -1 18 -1 19 -1 22 -1 21 -1 27 -1 28 -1 29 -1 28 -1 33 -1 -2 
1 1 -1 13 -1 16 -1 15 -1 19 -1 18 -1 19 -1 20 -1 23 -1 22 -1 21 -1 27 -1 28 -1 29 -1 28 -1 -2 
1 1 -1 11 -1 13 -1 12 -1 13 -1 12 -1 13 -1 17 -1 15 -1 16 -1 15 -1 16 -1 15 -1 18 -1 21 -1 27 -1 28 -1 30 -1 -2 
1 1 -1 13 -1 17 -1 16 -1 15 -1 16 -1 18 -1 19 -1 20 -1 21 -1 27 -1 28 -1 30 -1 31 -1 32 -1 -2 
1 1 -1 6 -1 9 -1 13 -1 12 -1 13 -1 12 -1 13 -1 16 -1 15 -1 18 -1 21 -1 27 -1 28 -1 30 -1 -2 
1 1 -1 6 -1 9 -1 13 -1 14 -1 13 -1 12 -1 13 -1 15 -1 16 -1 15 -1 16 -1 18 -1 21 -1 27 -1 28 -1 29 -1 28 -1 -2 
1 1 -1 13 -1 15 -1 16 -1 15 -1 16 -1 15 -1 18 -1 21 -1 22 -1 21 -1 27 -1 28 -1 29 -1 30 -1 31 -1 32 -1 -2 
1 1 -1 6 -1 9 -1 13 -1 12 -1 13 -1 15 -1 16 -1 15 -1 16 -1 15 -1 16 -1 18 -1 19 -1 18 -1 23 -1 22 -1 21 -1 27 -1 28 -1 29 -1 28 -1 -2 
1 1 -1 6 -1 9 -1 13 -1 16 -1 15 -1 18 -1 21 -1 27 -1 28 -1 29 -1 28 -1 30 -1 -2 
1 1 -1 13 -1 15 -1 18 -1 21 -1 22 -1 21 -1 27 -1 28 -1 -2 
1 1 -1 11 -1 10 -1 9 -1 13 -1 12 -1 13 -1 15 -1 17 -1 15 -1 16 -1 18 -1 19 -1 20 -1 23 -1 21 -1 22 -1 26 -1 27 -1 28 -1 29 -1 28 -1 30 -1 40 -1 -2 
1 1 -1 11 -1 13 -1 15 -1 16 -1 15 -1 18 -1 21 -1 24 -1 25 -1 26 -1 27 -1 28 -1 29 -1 28 -1 30 -1 -2 
1 1 -1 13 -1 15 -1 16 -1 15 -1 16 -1 15 -1 16 -1 18 -1 21 -1 22 -1 27 -1 28 -1 29 -1 28 -1 30 -1 31 -1 32 -1 -2 
1 1 -1 6 -1 9 -1 13 -1 16 -1 15 -1 17 -1 15 -1 16 -1 15 -1 16 -1 18 -1 19 -1 20 -1 22 -1 21 -1 22 -1 23 -1 27 -1 28 -1 39 -1 -2 
1 1 -1 11 -1 13 -1 15 -1 18 -1 21 -1 23 -1 22 -1 21 -1 26 -1 27 -1 28 -1 29 -1 28 -1 32 -1 -2 
1 1 -1 6 -1 11 -1 10 -1 9 -1 13 -1 17 -1 15 -1 18 -1 19 -1 21 -1 22 -1 21 -1 27 -1 28 -1 29 -1 28 -1 32 -1 -2 
1 1 -1 6 -1 9 -1 13 -1 12 -1 13 -1 12 -1 15 -1 16 -1 15 -1 19 -1 18 -1 19 -1 18 -1 19 -1 21 -1 27 -1 28 -1 29 -1 28 -1 32 -1 -2 
1 1 -1 12 -1 13 -1 15 -1 16 -1 15 -1 19 -1 18 -1 22 -1 21 -1 27 -1 28 -1 -2 
1 1 -1 11 -1 13 -1 15 -1 18 -1 21 -1 22 -1 27 -1 28 -1 30 -1 31 -1 32 -1 -2 
1 1 -1 6 -1 13 -1 15 -1 16 -1 15 -1 16 -1 18 -1 19 -1 22 -1 21 -1 22 -1 21 -1 26 -1 27 -1 28 -1 29 -1 28 -1 32 -1 -2 
1 1 -1 6 -1 13 -1 16 -1 15 -1 16 -1 15 -1 16 -1 15 -1 19 -1 18 -1 19 -1 20 -1 21 -1 22 -1 27 -1 28 -1 29 -1 28 -1 32 -1 -2 
1 1 -1 6 -1 11 -1 10 -1 9 -1 13 -1 15 -1 16 -1 15 -1 18 -1 22 -1 23 -1 21 -1 22 -1 27 -1 28 -1 29 -1 28 -1 30 -1 -2 
1 1 -1 13 -1 15 -1 16 -1 15 -1 18 -1 22 -1 23 -1 22 -1 21 -1 27 -1 28 -1 29 -1 28 -1 -2 
1 1 -1 13 -1 12 -1 13 -1 15 -1 16 -1 15 -1 18 -1 21 -1 27 -1 28 -1 29 -1 28 -1 -2 
1 1 -1 6 -1 9 -1 13 -1 17 -1 15 -1 18 -1 21 -1 23 -1 22 -1 21 -1 27 -1 28 -1 30 -1 31 -1 32 -1 39 -1 -2 
1 1 -1 6 -1 9 -1 13 -1 14 -1 13 -1 15 -1 18 -1 19 -1 18 -1 21 -1 26 -1 27 -1 28 -1 29 -1 28 -1 30 -1 -2 
1 1 -1 13 -1 17 -1 15 -1 18 -1 22 -1 23 -1 22 -1 21 -1 27 -1 28 -1 -2 
1 1 -1 11 -1 13 -1 12 -1 13 -1 17 -1 16 -1 15 -1 18 -1 19 -1 20 -1 21 -1 27 -1 28 -1 29 -1 28 -1 -2 
1 1 -1 13 -1 17 -1 15 -1 16 -1 15 -1 16 -1 15 -1 18 -1 21 -1 26 -1 27 -1 28 -1 32 -1 -2 
2 1 -1 2 -1 1 -1 5 -1 8 -1 11 -1 10 -1 11 -1 13 -1 12 -1 13 -1 12 -1 13 -1 12 -1 13 -1 12 -1 13 -1 16 -1 15 -1 17 -1 16 -1 17 -1 15 -1 17 -1 15 -1 16 -1 15 -1 18 -1 19 -1 18 -1 19 -1 20 -1 22 -1 23 -1 22 -1 23 -1 22 -1 27 -1 28 -1 29 -1 28 -1 27 -1 28 -1 30 -1 35 -1 36 -1 41 -1 40 -1 39 -1 -2 
2 1 -1 2 -1 1 -1 8 -1 11 -1 13 -1 12 -1 13 -1 12 -1 13 -1 12 -1 13 -1 12 -1 13 -1 12 -1 13 -1 12 -1 13 -1 15 -1 16 -1 15 -1 16 -1 18 -1 19 -1 18 -1 19 -1 20 -1 19 -1 18 -1 19 -1 22 -1 27 -1 28 -1 27 -1 28 -1 29 -1 39 -1 -2 
2 1 -1 2 -1 1 -1 3 -1 8 -1 9 -1 13 -1 12 -1 13 -1 12 -1 13 -1 12 -1 13 -1 12 -1 13 -1 12 -1 13 -1 12 -1 13 -1 16 -1 15 -1 16 -1 17 -1 16 -1 15 -1 18 -1 19 -1 20 -1 19 -1 18 -1 19 -1 18 -1 19 -1 21 -1 22 -1 21 -1 23 -1 22 -1 21 -1 22 -1 22 -1 21 -1 22 -1 21 -1 22 -1 27 -1 28 -1 27 -1 28 -1 29 -1 30 -1 35 -1 36 -1 -2 
2 1 -1 2 -1 1 -1 2 -1 5 -1 4 -1 3 -1 8 -1 11 -1 10 -1 9 -1 13 -1 12 -1 13 -1 12 -1 13 -1 12 -1 13 -1 15 -1 16 -1 17 -1 16 -1 15 -1 16 -1 15 -1 16 -1 15 -1 16 -1 15 -1 16 -1 18 -1 19 -1 18 -1 19 -1 18 -1 19 -1 20 -1 19 -1 18 -1 22 -1 21 -1 23 -1 21 -1 22 -1 23 -1 21 -1 23 -1 22 -1 26 -1 27 -1 28 -1 29 -1 28 -1 27 -1 32 -1 35 -1 40 -1 41 -1 -2 
2 1 -1 3 -1 6 -1 13 -1 12 -1 13 -1 12 -1 13 -1 12 -1 13 -1 15 -1 17 -1 15 -1 17 -1 15 -1 17 -1 16 -1 15 -1 18 -1 19 -1 20 -1 19 -1 23 -1 22 -1 21 -1 22 -1 21 -1 22 -1 23 -1 22 -1 21 -1 22 -1 21 -1 22 -1 23 -1 22 -1 27 -1 28 -1 29 -1 32 -1 31 -1 32 -1 33 -1 36 -1 37 -1 38 -1 41 -1 -2 
2 1 -1 5 -1 6 -1 13 -1 12 -1 13 -1 12 -1 13 -1 18 -1 19 -1 23 -1 21 -1 22 -1 21 -1 22 -1 27 -1 30 -1 35 -1 33 -1 38 -1 36 -1 -2 
2 1 -1 2 -1 1 -1 3 -1 6 -1 7 -1 8 -1 11 -1 10 -1 9 -1 10 -1 9 -1 13 -1 12 -1 13 -1 12 -1 13 -1 12 -1 13 -1 12 -1 13 -1 16 -1 15 -1 18 -1 19 -1 18 -1 19 -1 20 -1 19 -1 22 -1 21 -1 23 -1 22 -1 21 -1 22 -1 23 -1 27 -1 28 -1 27 -1 37 -1 41 -1 -2 
2 1 -1 2 -1 1 -1 5 -1 4 -1 3 -1 6 -1 7 -1 6 -1 7 -1 6 -1 9 -1 10 -1 9 -1 13 -1 12 -1 13 -1 14 -1 13 -1 12 -1 13 -1 12 -1 13 -1 17 -1 15 -1 17 -1 15 -1 16 -1 15 -1 16 -1 18 -1 19 -1 20 -1 19 -1 18 -1 19 -1 23 -1 22 -1 21 -1 22 -1 23 -1 21 -1 22 -1 21 -1 22 -1 23 -1 22 -1 26 -1 27 -1 28 -1 29 -1 28 -1 27 -1 35 -1 34 -1 33 -1 -2 
2 1 -1 5 -1 11 -1 10 -1 9 -1 13 -1 12 -1 13 -1 17 -1 15 -1 18 -1 27 -1 28 -1 30 -1 39 -1 -2 
2 1 -1 2 -1 1 -1 5 -1 4 -1 5 -1 11 -1 13 -1 12 -1 13 -1 12 -1 13 -1 12 -1 13 -1 12 -1 13 -1 12 -1 13 -1 12 -1 13 -1 15 -1 16 -1 15 -1 18 -1 19 -1 18 -1 19 -1 20 -1 21 -1 22 -1 21 -1 22 -1 21 -1 22 -1 23 -1 27 -1 28 -1 27 -1 28 -1 29 -1 28 -1 -2 
2 1 -1 2 -1 1 -1 6 -1 11 -1 13 -1 14 -1 13 -1 12 -1 13 -1 12 -1 13 -1 12 -1 13 -1 15 -1 16 -1 15 -1 16 -1 18 -1 19 -1 18 -1 22 -1 21 -1 22 -1 22 -1 21 -1 23 -1 27 -1 28 -1 27 -1 28 -1 30 -1 31 -1 32 -1 33 -1 34 -1 -2 
2 1 -1 2 -1 1 -1 3 -1 6 -1 7 -1 6 -1 9 -1 10 -1 9 -1 13 -1 12 -1 13 -1 12 -1 13 -1 12 -1 13 -1 14 -1 13 -1 12 -1 13 -1 12 -1 13 -1 12 -1 13 -1 17 -1 15 -1 16 -1 17 -1 16 -1 15 -1 16 -1 18 -1 19 -1 18 -1 21 -1 22 -1 21 -1 22 -1 27 -1 28 -1 27 -1 28 -1 39 -1 -2 
2 1 -1 2 -1 1 -1 6 -1 9 -1 13 -1 12 -1 13 -1 12 -1 13 -1 12 -1 13 -1 12 -1 13 -1 12 -1 13 -1 12 -1 13 -1 16 -1 15 -1 18 -1 19 -1 20 -1 19 -1 18 -1 19 -1 20 -1 22 -1 21 -1 22 -1 21 -1 22 -1 22 -1 21 -1 22 -1 26 -1 27 -1 28 -1 29 -1 28 -1 27 -1 28 -1 29 -1 28 -1 37 -1 41 -1 40 -1 39 -1 -2 
2 1 -1 2 -1 1 -1 3 -1 6 -1 9 -1 10 -1 9 -1 13 -1 14 -1 13 -1 12 -1 13 -1 12 -1 13 -1 12 -1 13 -1 12 -1 13 -1 12 -1 13 -1 17 -1 15 -1 16 -1 15 -1 16 -1 15 -1 16 -1 15 -1 16 -1 15 -1 18 -1 19 -1 18 -1 21 -1 22 -1 21 -1 22 -1 23 -1 27 -1 28 -1 27 -1 28 -1 29 -1 28 -1 29 -1 28 -1 32 -1 36 -1 40 -1 -2 
2 1 -1 6 -1 13 -1 12 -1 13 -1 12 -1 13 -1 17 -1 15 -1 16 -1 15 -1 18 -1 19 -1 20 -1 22 -1 23 -1 27 -1 28 -1 29 -1 28 -1 41 -1 -2 
2 1 -1 2 -1 1 -1 5 -1 4 -1 5 -1 4 -1 3 -1 4 -1 3 -1 6 -1 7 -1 6 -1 11 -1 10 -1 9 -1 13 -1 12 -1 13 -1 12 -1 13 -1 12 -1 13 -1 12 -1 13 -1 12 -1 13 -1 12 -1 13 -1 12 -1 13 -1 12 -1 13 -1 17 -1 15 -1 16 -1 15 -1 16 -1 15 -1 16 -1 17 -1 15 -1 16 -1 15 -1 16 -1 15 -1 16 -1 18 -1 19 -1 18 -1 19 -1 18 -1 19 -1 18 -1 21 -1 22 -1 23 -1 22 -1 21 -1 22 -1 23 -1 22 -1 21 -1 22 -1 21 -1 22 -1 27 -1 28 -1 27 -1 28 -1 27 -1 28 -1 29 -1 28 -1 32 -1 36 -1 37 -1 36 -1 40 -1 -2 
2 9 -1 13 -1 12 -1 13 -1 12 -1 13 -1 15 -1 16 -1 15 -1 16 -1 18 -1 19 -1 22 -1 21 -1 22 -1 23 -1 27 -1 32 -1 -2 
2 1 -1 2 -1 1 -1 3 -1 13 -1 12 -1 13 -1 12 -1 13 -1 12 -1 13 -1 12 -1 13 -1 12 -1 13 -1 12 -1 13 -1 15 -1 16 -1 15 -1 18 -1 19 -1 18 -1 19 -1 18 -1 19 -1 22 -1 23 -1 21 -1 22 -1 21 -1 22 -1 21 -1 22 -1 27 -1 28 -1 27 -1 34 -1 -2 
2 1 -1 2 -1 1 -1 2 -1 1 -1 5 -1 6 -1 11 -1 10 -1 9 -1 10 -1 11 -1 10 -1 9 -1 10 -1 9 -1 13 -1 12 -1 13 -1 12 -1 13 -1 12 -1 13 -1 12 -1 13 -1 12 -1 13 -1 12 -1 13 -1 15 -1 16 -1 15 -1 16 -1 15 -1 16 -1 17 -1 15 -1 16 -1 15 -1 16 -1 15 -1 18 -1 19 -1 18 -1 19 -1 18 -1 19 -1 22 -1 22 -1 21 -1 22 -1 21 -1 22 -1 21 -1 23 -1 22 -1 26 -1 27 -1 28 -1 29 -1 28 -1 27 -1 28 -1 29 -1 28 -1 27 -1 30 -1 31 -1 30 -1 36 -1 41 -1 40 -1 -2 
2 1 -1 13 -1 12 -1 13 -1 12 -1 13 -1 15 -1 18 -1 19 -1 22 -1 21 -1 22 -1 27 -1 -2 
2 1 -1 2 -1 6 -1 13 -1 12 -1 13 -1 12 -1 13 -1 15 -1 16 -1 15 -1 16 -1 15 -1 16 -1 18 -1 19 -1 18 -1 19 -1 22 -1 23 -1 27 -1 28 -1 29 -1 30 -1 31 -1 32 -1 36 -1 -2 
2 3 -1 4 -1 6 -1 11 -1 10 -1 9 -1 13 -1 12 -1 13 -1 15 -1 16 -1 18 -1 19 -1 22 -1 27 -1 36 -1 -2 
2 1 -1 6 -1 11 -1 10 -1 9 -1 13 -1 12 -1 13 -1 12 -1 13 -1 15 -1 18 -1 19 -1 22 -1 21 -1 22 -1 21 -1 22 -1 21 -1 22 -1 27 -1 36 -1 40 -1 -2 
2 1 -1 2 -1 9 -1 13 -1 12 -1 13 -1 12 -1 13 -1 15 -1 18 -1 22 -1 21 -1 22 -1 23 -1 27 -1 39 -1 -2 
2 1 -1 2 -1 1 -1 11 -1 13 -1 12 -1 13 -1 12 -1 13 -1 12 -1 13 -1 12 -1 13 -1 12 -1 13 -1 12 -1 13 -1 15 -1 16 -1 15 -1 16 -1 15 -1 16 -1 18 -1 19 -1 18 -1 19 -1 22 -1 21 -1 23 -1 22 -1 21 -1 22 -1 21 -1 22 -1 27 -1 28 -1 27 -1 30 -1 36 -1 -2 
2 1 -1 2 -1 3 -1 7 -1 6 -1 9 -1 13 -1 12 -1 13 -1 12 -1 13 -1 12 -1 13 -1 12 -1 13 -1 12 -1 13 -1 15 -1 16 -1 15 -1 16 -1 17 -1 16 -1 15 -1 17 -1 16 -1 15 -1 16 -1 15 -1 18 -1 19 -1 18 -1 19 -1 23 -1 22 -1 21 -1 23 -1 22 -1 21 -1 22 -1 23 -1 27 -1 28 -1 29 -1 28 -1 27 -1 -2 
2 1 -1 2 -1 13 -1 12 -1 13 -1 12 -1 13 -1 16 -1 17 -1 16 -1 15 -1 16 -1 18 -1 22 -1 21 -1 22 -1 27 -1 28 -1 -2 
2 1 -1 2 -1 9 -1 13 -1 12 -1 13 -1 12 -1 13 -1 14 -1 13 -1 12 -1 13 -1 16 -1 15 -1 16 -1 15 -1 18 -1 22 -1 23 -1 21 -1 22 -1 29 -1 28 -1 27 -1 28 -1 29 -1 32 -1 -2 
2 1 -1 2 -1 1 -1 3 -1 6 -1 11 -1 13 -1 12 -1 13 -1 12 -1 13 -1 12 -1 13 -1 12 -1 13 -1 12 -1 13 -1 12 -1 13 -1 15 -1 16 -1 15 -1 16 -1 15 -1 16 -1 17 -1 16 -1 15 -1 17 -1 15 -1 18 -1 19 -1 18 -1 19 -1 20 -1 19 -1 18 -1 22 -1 21 -1 22 -1 21 -1 22 -1 21 -1 22 -1 27 -1 28 -1 29 -1 28 -1 27 -1 28 -1 32 -1 36 -1 -2 
2 1 -1 2 -1 1 -1 9 -1 13 -1 12 -1 13 -1 12 -1 13 -1 12 -1 13 -1 12 -1 13 -1 12 -1 13 -1 12 -1 13 -1 17 -1 15 -1 16 -1 17 -1 15 -1 18 -1 19 -1 18 -1 22 -1 23 -1 21 -1 22 -1 21 -1 22 -1 23 -1 27 -1 28 -1 29 -1 28 -1 27 -1 28 -1 33 -1 34 -1 36 -1 39 -1 -2 
2 1 -1 2 -1 13 -1 12 -1 13 -1 12 -1 13 -1 12 -1 15 -1 18 -1 19 -1 18 -1 21 -1 22 -1 27 -1 -2 
2 1 -1 2 -1 11 -1 10 -1 9 -1 12 -1 13 -1 12 -1 13 -1 12 -1 15 -1 17 -1 16 -1 17 -1 16 -1 15 -1 16 -1 18 -1 22 -1 21 -1 22 -1 27 -1 39 -1 -2 
2 1 -1 2 -1 1 -1 2 -1 1 -1 5 -1 4 -1 3 -1 4 -1 9 -1 10 -1 9 -1 10 -1 9 -1 12 -1 13 -1 12 -1 13 -1 12 -1 13 -1 12 -1 13 -1 12 -1 13 -1 12 -1 13 -1 12 -1 13 -1 12 -1 13 -1 12 -1 13 -1 12 -1 13 -1 16 -1 15 -1 16 -1 15 -1 17 -1 16 -1 15 -1 16 -1 17 -1 15 -1 16 -1 15 -1 18 -1 19 -1 18 -1 19 -1 18 -1 19 -1 18 -1 22 -1 21 -1 22 -1 21 -1 22 -1 23 -1 22 -1 21 -1 23 -1 21 -1 22 -1 27 -1 28 -1 29 -1 28 -1 29 -1 28 -1 27 -1 28 -1 27 -1 28 -1 32 -1 31 -1 30 -1 31 -1 30 -1 -2 
2 1 -1 9 -1 13 -1 12 -1 13 -1 12 -1 13 -1 12 -1 13 -1 17 -1 15 -1 18 -1 19 -1 18 -1 22 -1 21 -1 22 -1 27 -1 28 -1 -2 
2 1 -1 2 -1 1 -1 2 -1 5 -1 4 -1 3 -1 11 -1 13 -1 12 -1 13 -1 12 -1 13 -1 12 -1 13 -1 12 -1 13 -1 15 -1 17 -1 16 -1 15 -1 18 -1 19 -1 18 -1 19 -1 18 -1 22 -1 23 -1 22 -1 21 -1 22 -1 21 -1 22 -1 27 -1 28 -1 29 -1 28 -1 27 -1 28 -1 30 -1 31 -1 30 -1 -2 
2 1 -1 2 -1 1 -1 2 -1 1 -1 2 -1 6 -1 13 -1 12 -1 13 -1 12 -1 13 -1 12 -1 13 -1 12 -1 13 -1 12 -1 13 -1 12 -1 13 -1 12 -1 13 -1 12 -1 13 -1 12 -1 13 -1 12 -1 15 -1 17 -1 16 -1 15 -1 16 -1 15 -1 16 -1 15 -1 16 -1 15 -1 16 -1 17 -1 15 -1 16 -1 18 -1 19 -1 18 -1 19 -1 18 -1 19 -1 18 -1 19 -1 18 -1 22 -1 23 -1 21 -1 22 -1 21 -1 22 -1 21 -1 22 -1 23 -1 21 -1 22 -1 21 -1 22 -1 28 -1 27 -1 28 -1 27 -1 28 -1 27 -1 32 -1 -2 
2 1 -1 6 -1 11 -1 10 -1 9 -1 12 -1 13 -1 12 -1 13 -1 12 -1 13 -1 16 -1 17 -1 15 -1 16 -1 15 -1 18 -1 19 -1 18 -1 23 -1 21 -1 27 -1 28 -1 32 -1 -2 
2 1 -1 2 -1 6 -1 13 -1 17 -1 16 -1 15 -1 18 -1 21 -1 22 -1 21 -1 27 -1 -2 
2 1 -1 13 -1 12 -1 13 -1 12 -1 13 -1 15 -1 16 -1 15 -1 18 -1 22 -1 21 -1 23 -1 27 -1 28 -1 -2 
2 1 -1 13 -1 12 -1 13 -1 12 -1 13 -1 15 -1 16 -1 17 -1 16 -1 15 -1 16 -1 18 -1 19 -1 22 -1 21 -1 22 -1 27 -1 30 -1 -2 
2 1 -1 6 -1 13 -1 12 -1 13 -1 12 -1 13 -1 16 -1 15 -1 16 -1 15 -1 16 -1 18 -1 19 -1 20 -1 19 -1 22 -1 23 -1 22 -1 21 -1 22 -1 23 -1 27 -1 28 -1 29 -1 -2 
2 1 -1 2 -1 1 -1 7 -1 13 -1 12 -1 13 -1 12 -1 13 -1 12 -1 13 -1 12 -1 13 -1 12 -1 13 -1 15 -1 17 -1 15 -1 16 -1 15 -1 18 -1 19 -1 18 -1 19 -1 18 -1 19 -1 22 -1 21 -1 23 -1 21 -1 22 -1 23 -1 21 -1 22 -1 27 -1 28 -1 29 -1 28 -1 27 -1 30 -1 36 -1 -2 
2 1 -1 9 -1 13 -1 12 -1 13 -1 12 -1 13 -1 12 -1 13 -1 15 -1 16 -1 15 -1 16 -1 18 -1 19 -1 22 -1 21 -1 22 -1 27 -1 28 -1 29 -1 -2 
2 1 -1 3 -1 7 -1 6 -1 11 -1 13 -1 12 -1 13 -1 12 -1 13 -1 12 -1 13 -1 16 -1 15 -1 18 -1 19 -1 18 -1 19 -1 22 -1 21 -1 22 -1 27 -1 -2 
2 1 -1 2 -1 1 -1 2 -1 1 -1 2 -1 3 -1 4 -1 6 -1 7 -1 6 -1 9 -1 13 -1 12 -1 13 -1 12 -1 13 -1 12 -1 13 -1 12 -1 13 -1 12 -1 13 -1 12 -1 13 -1 12 -1 13 -1 12 -1 13 -1 15 -1 16 -1 15 -1 17 -1 16 -1 15 -1 17 -1 16 -1 15 -1 16 -1 15 -1 18 -1 19 -1 18 -1 19 -1 18 -1 19 -1 18 -1 19 -1 18 -1 19 -1 22 -1 21 -1 22 -1 23 -1 21 -1 23 -1 21 -1 22 -1 21 -1 22 -1 23 -1 27 -1 28 -1 27 -1 28 -1 27 -1 30 -1 37 -1 36 -1 40 -1 41 -1 40 -1 39 -1 -2 
2 1 -1 13 -1 12 -1 13 -1 12 -1 13 -1 12 -1 13 -1 16 -1 15 -1 18 -1 19 -1 22 -1 21 -1 23 -1 22 -1 27 -1 32 -1 -2 
2 1 -1 2 -1 1 -1 2 -1 1 -1 2 -1 1 -1 3 -1 13 -1 12 -1 13 -1 12 -1 13 -1 12 -1 13 -1 12 -1 13 -1 12 -1 13 -1 12 -1 13 -1 12 -1 13 -1 12 -1 13 -1 12 -1 13 -1 12 -1 13 -1 12 -1 13 -1 12 -1 13 -1 15 -1 16 -1 15 -1 17 -1 16 -1 15 -1 16 -1 15 -1 16 -1 17 -1 16 -1 15 -1 16 -1 15 -1 17 -1 16 -1 15 -1 16 -1 15 -1 18 -1 19 -1 18 -1 19 -1 18 -1 19 -1 18 -1 19 -1 18 -1 19 -1 18 -1 19 -1 18 -1 19 -1 18 -1 19 -1 22 -1 21 -1 23 -1 22 -1 21 -1 22 -1 21 -1 22 -1 23 -1 22 -1 21 -1 22 -1 21 -1 22 -1 21 -1 22 -1 21 -1 22 -1 27 -1 28 -1 27 -1 28 -1 27 -1 28 -1 27 -1 -2 
2 1 -1 2 -1 13 -1 12 -1 13 -1 14 -1 13 -1 12 -1 13 -1 15 -1 16 -1 15 -1 18 -1 19 -1 18 -1 19 -1 22 -1 23 -1 22 -1 21 -1 22 -1 23 -1 27 -1 -2 
2 9 -1 13 -1 12 -1 13 -1 14 -1 13 -1 15 -1 18 -1 19 -1 22 -1 21 -1 22 -1 23 -1 22 -1 27 -1 28 -1 29 -1 -2 
2 1 -1 2 -1 1 -1 2 -1 11 -1 13 -1 12 -1 13 -1 12 -1 13 -1 12 -1 13 -1 12 -1 13 -1 12 -1 13 -1 12 -1 13 -1 15 -1 16 -1 15 -1 16 -1 15 -1 18 -1 19 -1 18 -1 19 -1 18 -1 22 -1 21 -1 22 -1 23 -1 21 -1 22 -1 23 -1 22 -1 21 -1 22 -1 23 -1 22 -1 27 -1 28 -1 29 -1 28 -1 27 -1 41 -1 40 -1 -2 
2 1 -1 2 -1 1 -1 2 -1 1 -1 2 -1 3 -1 4 -1 7 -1 6 -1 13 -1 12 -1 13 -1 12 -1 13 -1 12 -1 13 -1 12 -1 13 -1 12 -1 13 -1 12 -1 13 -1 12 -1 13 -1 12 -1 13 -1 15 -1 16 -1 17 -1 16 -1 15 -1 16 -1 15 -1 16 -1 15 -1 16 -1 15 -1 18 -1 19 -1 18 -1 19 -1 20 -1 19 -1 18 -1 19 -1 20 -1 19 -1 18 -1 19 -1 18 -1 19 -1 20 -1 19 -1 18 -1 22 -1 21 -1 22 -1 23 -1 21 -1 22 -1 21 -1 22 -1 21 -1 22 -1 21 -1 22 -1 27 -1 28 -1 29 -1 28 -1 27 -1 28 -1 29 -1 28 -1 27 -1 28 -1 29 -1 -2 
2 1 -1 2 -1 1 -1 2 -1 9 -1 13 -1 12 -1 13 -1 12 -1 13 -1 12 -1 13 -1 12 -1 13 -1 12 -1 13 -1 15 -1 16 -1 15 -1 16 -1 17 -1 15 -1 16 -1 18 -1 19 -1 18 -1 19 -1 18 -1 19 -1 18 -1 22 -1 21 -1 22 -1 21 -1 22 -1 21 -1 23 -1 22 -1 27 -1 28 -1 27 -1 -2 
2 1 -1 2 -1 13 -1 12 -1 13 -1 12 -1 13 -1 16 -1 15 -1 16 -1 15 -1 16 -1 18 -1 19 -1 18 -1 19 -1 23 -1 22 -1 21 -1 22 -1 27 -1 28 -1 29 -1 -2 
2 2 -1 1 -1 9 -1 13 -1 12 -1 13 -1 12 -1 13 -1 12 -1 13 -1 12 -1 13 -1 12 -1 13 -1 15 -1 16 -1 15 -1 16 -1 17 -1 15 -1 16 -1 18 -1 19 -1 18 -1 19 -1 18 -1 19 -1 22 -1 23 -1 22 -1 21 -1 23 -1 22 -1 21 -1 22 -1 27 -1 28 -1 29 -1 28 -1 27 -1 32 -1 -2 
2 1 -1 2 -1 1 -1 2 -1 6 -1 13 -1 12 -1 13 -1 12 -1 13 -1 12 -1 13 -1 12 -1 13 -1 12 -1 13 -1 15 -1 16 -1 15 -1 17 -1 15 -1 16 -1 15 -1 18 -1 19 -1 18 -1 19 -1 18 -1 19 -1 18 -1 22 -1 21 -1 22 -1 27 -1 28 -1 27 -1 32 -1 -2 
2 1 -1 2 -1 1 -1 2 -1 6 -1 11 -1 13 -1 12 -1 13 -1 12 -1 13 -1 12 -1 13 -1 12 -1 13 -1 12 -1 13 -1 15 -1 16 -1 15 -1 17 -1 15 -1 16 -1 15 -1 16 -1 18 -1 19 -1 20 -1 19 -1 18 -1 19 -1 18 -1 22 -1 21 -1 22 -1 23 -1 22 -1 21 -1 22 -1 21 -1 27 -1 28 -1 29 -1 28 -1 27 -1 30 -1 -2 
2 1 -1 2 -1 13 -1 12 -1 13 -1 12 -1 13 -1 16 -1 15 -1 16 -1 15 -1 16 -1 18 -1 19 -1 18 -1 23 -1 22 -1 21 -1 22 -1 21 -1 23 -1 22 -1 27 -1 28 -1 29 -1 -2 
2 1 -1 2 -1 13 -1 12 -1 13 -1 12 -1 13 -1 15 -1 16 -1 18 -1 19 -1 18 -1 22 -1 21 -1 27 -1 -2 
2 1 -1 2 -1 13 -1 12 -1 13 -1 12 -1 13 -1 16 -1 15 -1 16 -1 15 -1 18 -1 21 -1 22 -1 21 -1 27 -1 -2 
2 1 -1 2 -1 11 -1 10 -1 11 -1 13 -1 12 -1 13 -1 12 -1 13 -1 12 -1 13 -1 12 -1 13 -1 15 -1 16 -1 15 -1 16 -1 15 -1 16 -1 15 -1 18 -1 19 -1 18 -1 19 -1 22 -1 21 -1 22 -1 21 -1 22 -1 27 -1 28 -1 27 -1 -2 
2 2 -1 1 -1 13 -1 12 -1 13 -1 12 -1 13 -1 12 -1 13 -1 12 -1 13 -1 12 -1 13 -1 15 -1 16 -1 15 -1 16 -1 15 -1 18 -1 19 -1 18 -1 19 -1 22 -1 23 -1 22 -1 21 -1 22 -1 23 -1 21 -1 22 -1 21 -1 22 -1 27 -1 28 -1 29 -1 28 -1 27 -1 -2 
2 1 -1 6 -1 13 -1 12 -1 13 -1 12 -1 13 -1 15 -1 16 -1 15 -1 17 -1 18 -1 19 -1 22 -1 21 -1 22 -1 23 -1 27 -1 28 -1 29 -1 -2 
2 1 -1 3 -1 13 -1 12 -1 13 -1 12 -1 13 -1 15 -1 16 -1 15 -1 16 -1 18 -1 19 -1 22 -1 21 -1 22 -1 27 -1 28 -1 29 -1 30 -1 40 -1 -2 
2 1 -1 13 -1 12 -1 13 -1 12 -1 13 -1 15 -1 16 -1 15 -1 16 -1 18 -1 19 -1 22 -1 21 -1 22 -1 27 -1 -2 
2 1 -1 2 -1 1 -1 9 -1 13 -1 12 -1 13 -1 12 -1 13 -1 15 -1 16 -1 15 -1 16 -1 18 -1 19 -1 22 -1 21 -1 22 -1 23 -1 27 -1 -2 
2 1 -1 13 -1 12 -1 13 -1 15 -1 16 -1 15 -1 16 -1 18 -1 19 -1 22 -1 27 -1 -2 
2 1 -1 2 -1 6 -1 13 -1 12 -1 13 -1 12 -1 13 -1 12 -1 13 -1 16 -1 15 -1 18 -1 22 -1 27 -1 30 -1 -2 
2 1 -1 2 -1 4 -1 4 -1 13 -1 16 -1 15 -1 16 -1 15 -1 18 -1 22 -1 21 -1 23 -1 27 -1 32 -1 -2 
2 1 -1 2 -1 1 -1 2 -1 1 -1 2 -1 1 -1 2 -1 4 -1 4 -1 7 -1 7 -1 6 -1 9 -1 13 -1 12 -1 13 -1 12 -1 13 -1 12 -1 13 -1 12 -1 13 -1 12 -1 13 -1 12 -1 13 -1 12 -1 13 -1 12 -1 13 -1 12 -1 13 -1 12 -1 13 -1 12 -1 13 -1 15 -1 16 -1 17 -1 16 -1 15 -1 16 -1 15 -1 17 -1 16 -1 15 -1 16 -1 15 -1 16 -1 15 -1 16 -1 15 -1 17 -1 15 -1 16 -1 18 -1 19 -1 18 -1 19 -1 18 -1 19 -1 18 -1 19 -1 18 -1 22 -1 21 -1 22 -1 23 -1 22 -1 21 -1 22 -1 21 -1 22 -1 21 -1 23 -1 22 -1 21 -1 22 -1 21 -1 22 -1 21 -1 22 -1 27 -1 28 -1 27 -1 28 -1 29 -1 28 -1 27 -1 28 -1 29 -1 28 -1 27 -1 28 -1 29 -1 -2 
2 1 -1 2 -1 13 -1 12 -1 13 -1 12 -1 13 -1 16 -1 15 -1 16 -1 17 -1 18 -1 22 -1 21 -1 22 -1 23 -1 27 -1 -2 
2 1 -1 2 -1 1 -1 2 -1 1 -1 13 -1 12 -1 13 -1 12 -1 13 -1 12 -1 13 -1 14 -1 13 -1 12 -1 13 -1 15 -1 16 -1 15 -1 16 -1 15 -1 16 -1 18 -1 19 -1 18 -1 19 -1 20 -1 22 -1 23 -1 21 -1 22 -1 21 -1 22 -1 23 -1 27 -1 28 -1 27 -1 28 -1 29 -1 -2 
3 1 -1 4 -1 5 -1 12 -1 13 -1 14 -1 13 -1 12 -1 13 -1 12 -1 13 -1 16 -1 17 -1 18 -1 21 -1 22 -1 23 -1 22 -1 21 -1 22 -1 21 -1 22 -1 21 -1 23 -1 22 -1 27 -1 28 -1 32 -1 31 -1 32 -1 35 -1 34 -1 33 -1 41 -1 -2 
3 1 -1 13 -1 12 -1 13 -1 12 -1 13 -1 16 -1 15 -1 18 -1 19 -1 22 -1 21 -1 22 -1 21 -1 22 -1 27 -1 -2 
3 1 -1 2 -1 1 -1 4 -1 5 -1 4 -1 5 -1 11 -1 10 -1 11 -1 10 -1 9 -1 13 -1 12 -1 13 -1 14 -1 13 -1 12 -1 13 -1 12 -1 13 -1 14 -1 13 -1 12 -1 13 -1 12 -1 13 -1 17 -1 15 -1 16 -1 15 -1 17 -1 15 -1 18 -1 19 -1 18 -1 19 -1 22 -1 21 -1 22 -1 21 -1 22 -1 23 -1 21 -1 22 -1 23 -1 27 -1 28 -1 27 -1 30 -1 31 -1 30 -1 31 -1 30 -1 31 -1 32 -1 35 -1 34 -1 33 -1 34 -1 35 -1 41 -1 40 -1 39 -1 -2 
3 1 -1 2 -1 1 -1 11 -1 13 -1 12 -1 13 -1 12 -1 13 -1 12 -1 13 -1 12 -1 13 -1 12 -1 13 -1 12 -1 13 -1 12 -1 13 -1 15 -1 17 -1 15 -1 18 -1 19 -1 18 -1 22 -1 21 -1 22 -1 21 -1 22 -1 21 -1 22 -1 27 -1 28 -1 27 -1 28 -1 30 -1 31 -1 32 -1 35 -1 34 -1 33 -1 34 -1 35 -1 41 -1 40 -1 -2 
3 1 -1 2 -1 1 -1 5 -1 4 -1 11 -1 10 -1 9 -1 13 -1 12 -1 13 -1 12 -1 13 -1 12 -1 13 -1 12 -1 13 -1 12 -1 13 -1 12 -1 13 -1 12 -1 13 -1 12 -1 13 -1 17 -1 15 -1 16 -1 17 -1 18 -1 19 -1 20 -1 19 -1 18 -1 22 -1 21 -1 22 -1 21 -1 22 -1 21 -1 22 -1 23 -1 22 -1 27 -1 28 -1 29 -1 28 -1 27 -1 28 -1 29 -1 28 -1 30 -1 31 -1 32 -1 35 -1 34 -1 35 -1 41 -1 40 -1 41 -1 40 -1 -2 
3 1 -1 11 -1 10 -1 9 -1 13 -1 12 -1 13 -1 14 -1 13 -1 12 -1 13 -1 12 -1 17 -1 16 -1 18 -1 23 -1 21 -1 27 -1 28 -1 29 -1 28 -1 40 -1 -2 
3 1 -1 3 -1 11 -1 12 -1 13 -1 12 -1 13 -1 12 -1 13 -1 12 -1 13 -1 12 -1 13 -1 17 -1 15 -1 16 -1 18 -1 21 -1 22 -1 21 -1 22 -1 21 -1 22 -1 26 -1 27 -1 28 -1 30 -1 33 -1 -2 
3 1 -1 12 -1 13 -1 12 -1 13 -1 12 -1 13 -1 12 -1 13 -1 12 -1 13 -1 12 -1 13 -1 16 -1 17 -1 16 -1 15 -1 18 -1 22 -1 21 -1 22 -1 23 -1 27 -1 28 -1 -2 
3 1 -1 2 -1 1 -1 2 -1 1 -1 9 -1 10 -1 9 -1 13 -1 12 -1 13 -1 12 -1 13 -1 12 -1 13 -1 12 -1 13 -1 12 -1 13 -1 12 -1 13 -1 12 -1 13 -1 12 -1 13 -1 12 -1 13 -1 12 -1 13 -1 12 -1 13 -1 17 -1 15 -1 16 -1 15 -1 17 -1 15 -1 16 -1 17 -1 16 -1 15 -1 18 -1 19 -1 18 -1 19 -1 18 -1 19 -1 18 -1 19 -1 21 -1 22 -1 21 -1 22 -1 21 -1 22 -1 21 -1 22 -1 21 -1 22 -1 21 -1 22 -1 21 -1 22 -1 27 -1 28 -1 27 -1 28 -1 27 -1 30 -1 31 -1 30 -1 31 -1 32 -1 35 -1 34 -1 35 -1 34 -1 35 -1 34 -1 33 -1 39 -1 -2 
3 1 -1 13 -1 12 -1 13 -1 12 -1 13 -1 12 -1 17 -1 15 -1 16 -1 15 -1 18 -1 19 -1 20 -1 22 -1 27 -1 28 -1 30 -1 33 -1 41 -1 40 -1 39 -1 -2 
3 1 -1 9 -1 13 -1 12 -1 13 -1 12 -1 13 -1 12 -1 13 -1 12 -1 17 -1 15 -1 16 -1 18 -1 22 -1 21 -1 27 -1 28 -1 29 -1 28 -1 -2 
3 1 -1 5 -1 9 -1 12 -1 13 -1 12 -1 13 -1 12 -1 13 -1 12 -1 13 -1 16 -1 17 -1 18 -1 19 -1 18 -1 21 -1 22 -1 21 -1 27 -1 28 -1 32 -1 -2 
3 1 -1 5 -1 4 -1 13 -1 12 -1 13 -1 12 -1 13 -1 12 -1 13 -1 12 -1 13 -1 16 -1 17 -1 15 -1 18 -1 21 -1 22 -1 21 -1 22 -1 23 -1 27 -1 28 -1 32 -1 -2 
3 1 -1 4 -1 5 -1 4 -1 13 -1 12 -1 13 -1 12 -1 13 -1 12 -1 13 -1 12 -1 17 -1 18 -1 19 -1 20 -1 19 -1 20 -1 22 -1 21 -1 22 -1 23 -1 22 -1 27 -1 28 -1 35 -1 41 -1 -2 
3 1 -1 4 -1 12 -1 13 -1 12 -1 13 -1 12 -1 13 -1 12 -1 13 -1 12 -1 13 -1 16 -1 17 -1 15 -1 19 -1 18 -1 22 -1 21 -1 22 -1 27 -1 28 -1 30 -1 35 -1 41 -1 -2 
3 1 -1 11 -1 10 -1 9 -1 13 -1 12 -1 13 -1 12 -1 13 -1 12 -1 13 -1 17 -1 16 -1 18 -1 22 -1 21 -1 22 -1 23 -1 27 -1 28 -1 29 -1 28 -1 35 -1 34 -1 33 -1 -2 
3 1 -1 11 -1 10 -1 9 -1 13 -1 12 -1 13 -1 12 -1 13 -1 12 -1 13 -1 12 -1 13 -1 12 -1 13 -1 12 -1 13 -1 16 -1 17 -1 16 -1 18 -1 27 -1 28 -1 32 -1 -2 
3 1 -1 11 -1 13 -1 12 -1 13 -1 12 -1 13 -1 12 -1 17 -1 18 -1 23 -1 22 -1 21 -1 27 -1 28 -1 -2 
3 1 -1 12 -1 13 -1 12 -1 13 -1 12 -1 13 -1 12 -1 13 -1 12 -1 17 -1 15 -1 16 -1 18 -1 21 -1 22 -1 21 -1 22 -1 27 -1 28 -1 29 -1 28 -1 30 -1 35 -1 41 -1 -2 
3 1 -1 5 -1 4 -1 9 -1 12 -1 13 -1 12 -1 13 -1 12 -1 13 -1 12 -1 13 -1 17 -1 15 -1 18 -1 22 -1 21 -1 22 -1 27 -1 28 -1 32 -1 33 -1 -2 
3 1 -1 13 -1 12 -1 13 -1 12 -1 13 -1 12 -1 13 -1 14 -1 15 -1 16 -1 18 -1 22 -1 21 -1 27 -1 28 -1 30 -1 31 -1 35 -1 34 -1 33 -1 -2 
3 1 -1 12 -1 13 -1 12 -1 13 -1 12 -1 13 -1 12 -1 13 -1 12 -1 13 -1 12 -1 13 -1 12 -1 13 -1 12 -1 13 -1 17 -1 15 -1 18 -1 19 -1 22 -1 21 -1 22 -1 21 -1 22 -1 23 -1 27 -1 31 -1 32 -1 35 -1 -2 
3 1 -1 4 -1 5 -1 4 -1 9 -1 13 -1 12 -1 13 -1 12 -1 13 -1 12 -1 13 -1 17 -1 15 -1 18 -1 19 -1 20 -1 21 -1 22 -1 21 -1 22 -1 23 -1 27 -1 28 -1 29 -1 28 -1 32 -1 -2 
3 1 -1 4 -1 5 -1 11 -1 10 -1 9 -1 13 -1 12 -1 13 -1 12 -1 13 -1 12 -1 13 -1 12 -1 13 -1 17 -1 18 -1 23 -1 22 -1 21 -1 27 -1 28 -1 30 -1 31 -1 32 -1 35 -1 -2 
3 1 -1 5 -1 13 -1 12 -1 13 -1 12 -1 13 -1 12 -1 13 -1 12 -1 13 -1 16 -1 17 -1 16 -1 18 -1 21 -1 22 -1 21 -1 22 -1 21 -1 22 -1 27 -1 28 -1 30 -1 41 -1 -2 
3 1 -1 2 -1 1 -1 3 -1 4 -1 9 -1 12 -1 13 -1 12 -1 13 -1 12 -1 13 -1 12 -1 13 -1 12 -1 13 -1 12 -1 13 -1 12 -1 13 -1 12 -1 13 -1 12 -1 17 -1 15 -1 17 -1 18 -1 19 -1 20 -1 19 -1 18 -1 19 -1 20 -1 19 -1 21 -1 22 -1 21 -1 22 -1 21 -1 22 -1 21 -1 22 -1 27 -1 28 -1 27 -1 28 -1 30 -1 31 -1 30 -1 -2 
3 1 -1 2 -1 1 -1 4 -1 3 -1 4 -1 11 -1 12 -1 13 -1 12 -1 13 -1 12 -1 13 -1 12 -1 13 -1 12 -1 13 -1 12 -1 13 -1 12 -1 13 -1 12 -1 13 -1 12 -1 17 -1 15 -1 16 -1 17 -1 18 -1 19 -1 18 -1 21 -1 22 -1 21 -1 22 -1 21 -1 22 -1 21 -1 22 -1 23 -1 27 -1 28 -1 29 -1 28 -1 27 -1 28 -1 30 -1 31 -1 32 -1 35 -1 41 -1 -2 
3 1 -1 4 -1 11 -1 12 -1 13 -1 12 -1 13 -1 12 -1 17 -1 18 -1 19 -1 20 -1 21 -1 22 -1 21 -1 22 -1 23 -1 22 -1 27 -1 28 -1 32 -1 41 -1 -2 
3 1 -1 4 -1 9 -1 12 -1 13 -1 12 -1 13 -1 12 -1 16 -1 17 -1 15 -1 18 -1 22 -1 21 -1 22 -1 27 -1 28 -1 29 -1 28 -1 32 -1 -2 
3 1 -1 9 -1 12 -1 13 -1 12 -1 13 -1 12 -1 17 -1 18 -1 22 -1 21 -1 22 -1 27 -1 28 -1 35 -1 41 -1 -2 
3 1 -1 5 -1 4 -1 9 -1 12 -1 13 -1 12 -1 13 -1 12 -1 13 -1 12 -1 13 -1 12 -1 13 -1 17 -1 18 -1 22 -1 23 -1 22 -1 21 -1 22 -1 27 -1 28 -1 35 -1 -2 
3 1 -1 11 -1 13 -1 12 -1 13 -1 12 -1 13 -1 12 -1 16 -1 17 -1 16 -1 18 -1 22 -1 21 -1 22 -1 23 -1 27 -1 28 -1 -2 
3 1 -1 5 -1 12 -1 13 -1 12 -1 13 -1 12 -1 13 -1 12 -1 13 -1 12 -1 16 -1 17 -1 18 -1 22 -1 21 -1 22 -1 23 -1 27 -1 28 -1 29 -1 28 -1 -2 
3 1 -1 2 -1 1 -1 5 -1 11 -1 10 -1 9 -1 12 -1 13 -1 12 -1 13 -1 12 -1 13 -1 12 -1 13 -1 12 -1 13 -1 12 -1 13 -1 12 -1 16 -1 17 -1 15 -1 17 -1 15 -1 18 -1 19 -1 18 -1 22 -1 21 -1 22 -1 21 -1 22 -1 21 -1 27 -1 28 -1 29 -1 28 -1 27 -1 28 -1 29 -1 28 -1 30 -1 31 -1 30 -1 35 -1 34 -1 34 -1 33 -1 41 -1 -2 
3 1 -1 5 -1 11 -1 10 -1 9 -1 12 -1 13 -1 12 -1 13 -1 12 -1 13 -1 12 -1 17 -1 18 -1 21 -1 22 -1 21 -1 22 -1 23 -1 22 -1 27 -1 28 -1 29 -1 28 -1 32 -1 -2 
3 1 -1 9 -1 12 -1 13 -1 12 -1 13 -1 12 -1 13 -1 12 -1 13 -1 14 -1 17 -1 15 -1 18 -1 19 -1 20 -1 22 -1 21 -1 22 -1 23 -1 27 -1 28 -1 29 -1 28 -1 30 -1 33 -1 -2 
3 1 -1 12 -1 13 -1 12 -1 13 -1 12 -1 13 -1 12 -1 13 -1 12 -1 13 -1 16 -1 17 -1 18 -1 19 -1 20 -1 21 -1 22 -1 21 -1 22 -1 23 -1 22 -1 27 -1 28 -1 29 -1 28 -1 -2 
3 1 -1 5 -1 4 -1 13 -1 12 -1 13 -1 12 -1 13 -1 12 -1 13 -1 12 -1 13 -1 16 -1 17 -1 18 -1 19 -1 20 -1 22 -1 21 -1 22 -1 27 -1 28 -1 41 -1 -2 
3 1 -1 4 -1 5 -1 13 -1 12 -1 13 -1 12 -1 13 -1 17 -1 18 -1 22 -1 21 -1 27 -1 28 -1 30 -1 31 -1 32 -1 35 -1 -2 
3 1 -1 2 -1 1 -1 4 -1 3 -1 4 -1 11 -1 10 -1 9 -1 12 -1 13 -1 12 -1 13 -1 12 -1 13 -1 12 -1 13 -1 14 -1 13 -1 12 -1 13 -1 12 -1 13 -1 12 -1 13 -1 12 -1 16 -1 17 -1 15 -1 16 -1 17 -1 16 -1 15 -1 16 -1 15 -1 18 -1 19 -1 18 -1 19 -1 20 -1 19 -1 18 -1 22 -1 21 -1 22 -1 23 -1 22 -1 21 -1 22 -1 21 -1 27 -1 28 -1 29 -1 28 -1 27 -1 28 -1 30 -1 -2 
3 1 -1 11 -1 10 -1 9 -1 12 -1 13 -1 12 -1 13 -1 12 -1 13 -1 17 -1 15 -1 18 -1 19 -1 20 -1 21 -1 22 -1 21 -1 27 -1 28 -1 29 -1 28 -1 40 -1 -2 
3 1 -1 9 -1 13 -1 12 -1 13 -1 12 -1 13 -1 12 -1 13 -1 12 -1 13 -1 17 -1 15 -1 18 -1 21 -1 22 -1 21 -1 27 -1 28 -1 29 -1 28 -1 35 -1 -2 
3 1 -1 4 -1 9 -1 13 -1 12 -1 13 -1 12 -1 13 -1 12 -1 13 -1 18 -1 21 -1 22 -1 21 -1 22 -1 27 -1 28 -1 -2 
3 1 -1 4 -1 5 -1 4 -1 13 -1 12 -1 13 -1 12 -1 13 -1 12 -1 17 -1 16 -1 15 -1 18 -1 22 -1 21 -1 27 -1 28 -1 -2 
3 1 -1 12 -1 13 -1 12 -1 13 -1 12 -1 13 -1 12 -1 13 -1 17 -1 18 -1 21 -1 22 -1 21 -1 22 -1 23 -1 22 -1 27 -1 28 -1 33 -1 -2 
3 1 -1 5 -1 11 -1 12 -1 13 -1 12 -1 13 -1 12 -1 13 -1 12 -1 13 -1 16 -1 17 -1 18 -1 19 -1 20 -1 22 -1 21 -1 22 -1 23 -1 27 -1 28 -1 29 -1 28 -1 -2 
3 1 -1 5 -1 4 -1 11 -1 13 -1 12 -1 13 -1 12 -1 13 -1 12 -1 17 -1 16 -1 15 -1 16 -1 18 -1 19 -1 20 -1 22 -1 21 -1 22 -1 23 -1 27 -1 28 -1 29 -1 28 -1 40 -1 -2 
3 1 -1 9 -1 12 -1 13 -1 12 -1 13 -1 12 -1 17 -1 15 -1 18 -1 19 -1 18 -1 22 -1 21 -1 22 -1 23 -1 27 -1 28 -1 29 -1 28 -1 35 -1 -2 
3 1 -1 5 -1 12 -1 13 -1 12 -1 13 -1 12 -1 13 -1 12 -1 17 -1 15 -1 18 -1 22 -1 21 -1 27 -1 28 -1 29 -1 28 -1 -2 
3 1 -1 9 -1 12 -1 13 -1 12 -1 13 -1 12 -1 13 -1 17 -1 16 -1 18 -1 21 -1 22 -1 21 -1 27 -1 28 -1 30 -1 31 -1 32 -1 41 -1 -2 
3 1 -1 5 -1 11 -1 13 -1 12 -1 13 -1 12 -1 13 -1 17 -1 16 -1 15 -1 16 -1 15 -1 16 -1 18 -1 21 -1 22 -1 21 -1 27 -1 28 -1 29 -1 28 -1 32 -1 40 -1 -2 
3 1 -1 5 -1 11 -1 13 -1 12 -1 13 -1 12 -1 15 -1 16 -1 15 -1 18 -1 21 -1 22 -1 23 -1 22 -1 21 -1 22 -1 21 -1 22 -1 26 -1 27 -1 28 -1 30 -1 31 -1 32 -1 -2 
3 1 -1 12 -1 13 -1 12 -1 13 -1 12 -1 13 -1 12 -1 17 -1 15 -1 16 -1 15 -1 16 -1 15 -1 16 -1 15 -1 18 -1 19 -1 20 -1 22 -1 23 -1 22 -1 21 -1 22 -1 27 -1 28 -1 29 -1 28 -1 41 -1 40 -1 -2 
3 1 -1 4 -1 12 -1 13 -1 12 -1 13 -1 12 -1 13 -1 12 -1 13 -1 17 -1 15 -1 16 -1 15 -1 18 -1 21 -1 23 -1 21 -1 22 -1 27 -1 28 -1 30 -1 35 -1 -2 
3 1 -1 4 -1 5 -1 4 -1 12 -1 13 -1 12 -1 13 -1 12 -1 13 -1 12 -1 13 -1 17 -1 18 -1 19 -1 20 -1 19 -1 22 -1 21 -1 22 -1 27 -1 28 -1 29 -1 -2 
3 1 -1 9 -1 13 -1 12 -1 13 -1 12 -1 13 -1 12 -1 13 -1 16 -1 17 -1 15 -1 18 -1 19 -1 20 -1 19 -1 22 -1 21 -1 22 -1 23 -1 22 -1 27 -1 28 -1 29 -1 32 -1 -2 
3 1 -1 9 -1 13 -1 12 -1 13 -1 12 -1 13 -1 12 -1 13 -1 17 -1 15 -1 18 -1 19 -1 20 -1 22 -1 21 -1 22 -1 23 -1 27 -1 28 -1 29 -1 28 -1 32 -1 -2 
3 1 -1 4 -1 5 -1 11 -1 13 -1 12 -1 13 -1 12 -1 13 -1 17 -1 15 -1 16 -1 15 -1 18 -1 19 -1 18 -1 19 -1 22 -1 21 -1 22 -1 23 -1 22 -1 27 -1 32 -1 35 -1 40 -1 -2 
3 1 -1 5 -1 11 -1 13 -1 12 -1 13 -1 17 -1 18 -1 19 -1 18 -1 19 -1 22 -1 21 -1 22 -1 23 -1 22 -1 27 -1 33 -1 -2 
3 1 -1 13 -1 12 -1 13 -1 12 -1 13 -1 12 -1 13 -1 17 -1 15 -1 18 -1 22 -1 21 -1 22 -1 23 -1 22 -1 27 -1 28 -1 30 -1 -2 
3 1 -1 5 -1 4 -1 13 -1 12 -1 13 -1 12 -1 13 -1 17 -1 15 -1 16 -1 18 -1 19 -1 18 -1 19 -1 22 -1 21 -1 23 -1 22 -1 27 -1 32 -1 -2 
3 1 -1 13 -1 12 -1 13 -1 12 -1 13 -1 12 -1 15 -1 16 -1 18 -1 22 -1 21 -1 22 -1 27 -1 28 -1 29 -1 28 -1 33 -1 -2 
3 1 -1 5 -1 4 -1 9 -1 12 -1 13 -1 12 -1 13 -1 12 -1 13 -1 12 -1 15 -1 16 -1 18 -1 22 -1 21 -1 27 -1 28 -1 29 -1 28 -1 32 -1 -2 
3 1 -1 2 -1 1 -1 4 -1 3 -1 9 -1 10 -1 9 -1 12 -1 13 -1 12 -1 13 -1 12 -1 13 -1 12 -1 13 -1 12 -1 13 -1 14 -1 13 -1 12 -1 13 -1 12 -1 13 -1 16 -1 17 -1 15 -1 17 -1 15 -1 18 -1 19 -1 18 -1 19 -1 20 -1 19 -1 18 -1 19 -1 21 -1 22 -1 21 -1 22 -1 23 -1 22 -1 21 -1 22 -1 21 -1 22 -1 27 -1 28 -1 27 -1 35 -1 -2 
3 1 -1 13 -1 12 -1 13 -1 12 -1 13 -1 17 -1 15 -1 16 -1 15 -1 16 -1 18 -1 22 -1 21 -1 22 -1 27 -1 28 -1 -2 
3 1 -1 9 -1 13 -1 12 -1 13 -1 12 -1 13 -1 16 -1 15 -1 16 -1 18 -1 22 -1 21 -1 22 -1 23 -1 22 -1 27 -1 28 -1 29 -1 28 -1 32 -1 -2 
3 1 -1 11 -1 10 -1 9 -1 13 -1 12 -1 13 -1 12 -1 13 -1 12 -1 16 -1 15 -1 18 -1 19 -1 18 -1 22 -1 21 -1 22 -1 23 -1 27 -1 28 -1 30 -1 31 -1 30 -1 31 -1 32 -1 -2 
3 1 -1 11 -1 12 -1 13 -1 12 -1 13 -1 17 -1 18 -1 19 -1 20 -1 21 -1 22 -1 21 -1 27 -1 28 -1 29 -1 28 -1 30 -1 -2 
3 1 -1 4 -1 5 -1 11 -1 12 -1 13 -1 12 -1 13 -1 12 -1 13 -1 12 -1 13 -1 17 -1 15 -1 18 -1 19 -1 21 -1 22 -1 21 -1 22 -1 27 -1 28 -1 30 -1 35 -1 -2 
3 1 -1 11 -1 13 -1 12 -1 13 -1 12 -1 17 -1 15 -1 16 -1 18 -1 19 -1 18 -1 22 -1 21 -1 27 -1 28 -1 30 -1 31 -1 30 -1 -2 
3 1 -1 12 -1 13 -1 12 -1 13 -1 12 -1 13 -1 12 -1 17 -1 15 -1 18 -1 21 -1 22 -1 21 -1 22 -1 27 -1 28 -1 -2 
3 1 -1 12 -1 13 -1 12 -1 13 -1 12 -1 13 -1 17 -1 15 -1 16 -1 15 -1 18 -1 19 -1 22 -1 21 -1 22 -1 27 -1 -2 
3 1 -1 9 -1 12 -1 13 -1 12 -1 13 -1 12 -1 17 -1 15 -1 16 -1 15 -1 18 -1 22 -1 21 -1 22 -1 23 -1 24 -1 27 -1 28 -1 -2 
3 1 -1 12 -1 13 -1 12 -1 13 -1 12 -1 13 -1 12 -1 13 -1 17 -1 15 -1 16 -1 15 -1 18 -1 19 -1 22 -1 21 -1 22 -1 23 -1 22 -1 27 -1 28 -1 29 -1 40 -1 -2 
3 1 -1 4 -1 11 -1 13 -1 12 -1 13 -1 12 -1 13 -1 12 -1 17 -1 15 -1 16 -1 15 -1 18 -1 19 -1 22 -1 21 -1 22 -1 27 -1 -2 
3 1 -1 12 -1 13 -1 12 -1 13 -1 12 -1 13 -1 17 -1 15 -1 18 -1 19 -1 22 -1 21 -1 22 -1 27 -1 32 -1 -2 
3 1 -1 13 -1 12 -1 13 -1 12 -1 13 -1 12 -1 13 -1 17 -1 16 -1 15 -1 18 -1 19 -1 20 -1 19 -1 22 -1 21 -1 27 -1 -2 
3 1 -1 13 -1 12 -1 13 -1 12 -1 17 -1 15 -1 18 -1 21 -1 22 -1 21 -1 27 -1 28 -1 29 -1 28 -1 -2 
3 1 -1 12 -1 13 -1 12 -1 13 -1 12 -1 13 -1 12 -1 17 -1 15 -1 18 -1 19 -1 18 -1 21 -1 22 -1 21 -1 22 -1 27 -1 28 -1 30 -1 -2 
3 1 -1 12 -1 13 -1 12 -1 13 -1 12 -1 13 -1 12 -1 15 -1 18 -1 22 -1 21 -1 22 -1 27 -1 28 -1 30 -1 31 -1 32 -1 -2 
3 1 -1 5 -1 9 -1 12 -1 13 -1 12 -1 13 -1 12 -1 13 -1 17 -1 15 -1 18 -1 19 -1 18 -1 22 -1 21 -1 22 -1 23 -1 26 -1 27 -1 28 -1 29 -1 28 -1 -2 
3 1 -1 11 -1 10 -1 9 -1 13 -1 12 -1 13 -1 12 -1 13 -1 12 -1 13 -1 15 -1 16 -1 15 -1 16 -1 18 -1 21 -1 22 -1 21 -1 27 -1 28 -1 29 -1 28 -1 32 -1 -2 
3 1 -1 2 -1 1 -1 5 -1 11 -1 10 -1 9 -1 13 -1 12 -1 13 -1 12 -1 13 -1 12 -1 13 -1 12 -1 13 -1 12 -1 13 -1 17 -1 16 -1 15 -1 17 -1 15 -1 17 -1 15 -1 16 -1 18 -1 19 -1 20 -1 19 -1 18 -1 19 -1 21 -1 22 -1 21 -1 22 -1 21 -1 22 -1 21 -1 22 -1 27 -1 28 -1 27 -1 28 -1 29 -1 30 -1 41 -1 -2 
3 1 -1 13 -1 12 -1 13 -1 12 -1 13 -1 12 -1 13 -1 16 -1 15 -1 18 -1 22 -1 23 -1 22 -1 21 -1 27 -1 28 -1 -2 
3 1 -1 9 -1 13 -1 12 -1 13 -1 12 -1 13 -1 12 -1 13 -1 17 -1 16 -1 15 -1 18 -1 21 -1 22 -1 21 -1 27 -1 28 -1 40 -1 -2 
3 1 -1 13 -1 12 -1 13 -1 12 -1 13 -1 12 -1 15 -1 18 -1 21 -1 22 -1 21 -1 22 -1 27 -1 28 -1 32 -1 -2 
3 1 -1 4 -1 12 -1 13 -1 12 -1 13 -1 12 -1 17 -1 15 -1 18 -1 19 -1 18 -1 22 -1 21 -1 22 -1 23 -1 22 -1 27 -1 28 -1 29 -1 28 -1 -2 
3 1 -1 12 -1 13 -1 12 -1 13 -1 12 -1 13 -1 12 -1 13 -1 15 -1 16 -1 15 -1 18 -1 19 -1 20 -1 22 -1 21 -1 27 -1 28 -1 -2 
3 1 -1 13 -1 12 -1 13 -1 12 -1 13 -1 12 -1 17 -1 18 -1 21 -1 22 -1 21 -1 26 -1 27 -1 28 -1 -2 
3 1 -1 9 -1 12 -1 13 -1 12 -1 13 -1 12 -1 17 -1 15 -1 18 -1 21 -1 22 -1 21 -1 22 -1 27 -1 28 -1 30 -1 31 -1 32 -1 -2 
3 1 -1 12 -1 13 -1 12 -1 13 -1 12 -1 13 -1 12 -1 13 -1 17 -1 15 -1 18 -1 22 -1 21 -1 27 -1 28 -1 29 -1 28 -1 30 -1 -2 
3 1 -1 13 -1 12 -1 13 -1 12 -1 13 -1 17 -1 15 -1 16 -1 18 -1 19 -1 21 -1 22 -1 21 -1 22 -1 27 -1 30 -1 -2 
3 1 -1 13 -1 12 -1 16 -1 15 -1 18 -1 19 -1 18 -1 22 -1 21 -1 27 -1 28 -1 30 -1 -2 
3 1 -1 12 -1 13 -1 12 -1 13 -1 12 -1 13 -1 12 -1 13 -1 17 -1 15 -1 18 -1 19 -1 21 -1 22 -1 21 -1 22 -1 23 -1 22 -1 27 -1 28 -1 29 -1 28 -1 -2 
3 1 -1 13 -1 12 -1 13 -1 12 -1 13 -1 16 -1 15 -1 18 -1 22 -1 21 -1 22 -1 23 -1 27 -1 28 -1 30 -1 -2 
3 1 -1 13 -1 12 -1 13 -1 12 -1 13 -1 12 -1 13 -1 17 -1 15 -1 16 -1 15 -1 18 -1 19 -1 21 -1 22 -1 21 -1 22 -1 27 -1 32 -1 -2 
3 1 -1 11 -1 13 -1 12 -1 13 -1 12 -1 13 -1 17 -1 15 -1 18 -1 19 -1 22 -1 21 -1 22 -1 27 -1 40 -1 -2 
3 1 -1 13 -1 12 -1 13 -1 17 -1 15 -1 16 -1 18 -1 19 -1 22 -1 21 -1 22 -1 27 -1 28 -1 29 -1 32 -1 -2 
3 1 -1 13 -1 12 -1 13 -1 12 -1 13 -1 17 -1 16 -1 15 -1 16 -1 15 -1 18 -1 22 -1 21 -1 22 -1 27 -1 28 -1 29 -1 28 -1 32 -1 -2 
3 1 -1 11 -1 13 -1 12 -1 13 -1 12 -1 13 -1 12 -1 13 -1 15 -1 18 -1 19 -1 22 -1 21 -1 22 -1 27 -1 28 -1 29 -1 -2 
3 1 -1 5 -1 4 -1 13 -1 12 -1 13 -1 12 -1 13 -1 12 -1 13 -1 14 -1 13 -1 17 -1 15 -1 16 -1 18 -1 19 -1 22 -1 21 -1 22 -1 27 -1 -2 
3 1 -1 4 -1 9 -1 13 -1 12 -1 13 -1 12 -1 13 -1 12 -1 13 -1 16 -1 15 -1 16 -1 15 -1 18 -1 19 -1 18 -1 19 -1 22 -1 21 -1 22 -1 27 -1 30 -1 -2 
3 1 -1 13 -1 12 -1 13 -1 12 -1 13 -1 12 -1 13 -1 17 -1 15 -1 18 -1 19 -1 22 -1 21 -1 22 -1 27 -1 28 -1 29 -1 -2 
3 1 -1 5 -1 13 -1 12 -1 13 -1 12 -1 13 -1 12 -1 17 -1 16 -1 15 -1 18 -1 22 -1 21 -1 27 -1 28 -1 29 -1 28 -1 32 -1 -2 
3 1 -1 12 -1 13 -1 12 -1 13 -1 12 -1 13 -1 17 -1 16 -1 18 -1 21 -1 22 -1 21 -1 22 -1 27 -1 28 -1 30 -1 -2 
3 1 -1 13 -1 12 -1 13 -1 12 -1 13 -1 17 -1 15 -1 16 -1 15 -1 18 -1 19 -1 22 -1 21 -1 22 -1 23 -1 27 -1 28 -1 29 -1 -2 
3 1 -1 9 -1 13 -1 12 -1 13 -1 12 -1 13 -1 17 -1 15 -1 18 -1 19 -1 20 -1 22 -1 21 -1 22 -1 23 -1 27 -1 28 -1 29 -1 28 -1 32 -1 -2 
3 1 -1 4 -1 5 -1 13 -1 12 -1 13 -1 12 -1 17 -1 16 -1 15 -1 16 -1 15 -1 18 -1 19 -1 20 -1 21 -1 22 -1 21 -1 22 -1 27 -1 28 -1 30 -1 -2 
3 1 -1 5 -1 12 -1 13 -1 12 -1 13 -1 12 -1 13 -1 12 -1 13 -1 18 -1 19 -1 22 -1 21 -1 22 -1 23 -1 22 -1 27 -1 28 -1 -2 
3 1 -1 9 -1 13 -1 12 -1 13 -1 17 -1 16 -1 15 -1 16 -1 18 -1 19 -1 20 -1 22 -1 21 -1 22 -1 23 -1 27 -1 28 -1 30 -1 -2 
3 1 -1 9 -1 13 -1 12 -1 13 -1 12 -1 16 -1 15 -1 18 -1 21 -1 22 -1 21 -1 22 -1 23 -1 22 -1 27 -1 28 -1 29 -1 28 -1 32 -1 -2 
4 1 -1 2 -1 1 -1 2 -1 3 -1 4 -1 3 -1 4 -1 5 -1 4 -1 3 -1 6 -1 7 -1 8 -1 7 -1 6 -1 13 -1 12 -1 13 -1 14 -1 13 -1 14 -1 13 -1 12 -1 13 -1 12 -1 13 -1 17 -1 16 -1 15 -1 17 -1 15 -1 19 -1 18 -1 19 -1 20 -1 19 -1 18 -1 22 -1 21 -1 22 -1 21 -1 22 -1 21 -1 22 -1 21 -1 22 -1 22 -1 21 -1 22 -1 21 -1 22 -1 21 -1 26 -1 27 -1 28 -1 27 -1 28 -1 29 -1 34 -1 35 -1 38 -1 36 -1 -2 
4 1 -1 2 -1 6 -1 13 -1 12 -1 13 -1 17 -1 15 -1 18 -1 19 -1 20 -1 21 -1 22 -1 23 -1 22 -1 21 -1 22 -1 21 -1 22 -1 27 -1 28 -1 29 -1 -2 
4 1 -1 2 -1 5 -1 8 -1 7 -1 6 -1 13 -1 12 -1 13 -1 15 -1 18 -1 19 -1 20 -1 23 -1 22 -1 21 -1 22 -1 23 -1 27 -1 35 -1 36 -1 -2 
4 1 -1 2 -1 5 -1 8 -1 13 -1 12 -1 13 -1 14 -1 13 -1 12 -1 13 -1 17 -1 15 -1 18 -1 22 -1 23 -1 21 -1 22 -1 21 -1 22 -1 27 -1 -2 
4 1 -1 2 -1 1 -1 2 -1 1 -1 3 -1 4 -1 4 -1 3 -1 8 -1 7 -1 6 -1 13 -1 12 -1 13 -1 12 -1 13 -1 12 -1 13 -1 12 -1 13 -1 12 -1 13 -1 16 -1 15 -1 16 -1 17 -1 16 -1 15 -1 16 -1 17 -1 15 -1 18 -1 19 -1 18 -1 19 -1 18 -1 19 -1 20 -1 19 -1 23 -1 22 -1 21 -1 22 -1 21 -1 22 -1 21 -1 23 -1 22 -1 21 -1 22 -1 21 -1 22 -1 21 -1 22 -1 23 -1 21 -1 22 -1 23 -1 22 -1 27 -1 28 -1 27 -1 28 -1 27 -1 28 -1 29 -1 32 -1 -2 
4 1 -1 2 -1 6 -1 13 -1 12 -1 13 -1 15 -1 18 -1 22 -1 21 -1 22 -1 23 -1 22 -1 27 -1 28 -1 27 -1 35 -1 36 -1 -2 
4 1 -1 6 -1 13 -1 12 -1 13 -1 15 -1 18 -1 19 -1 22 -1 21 -1 27 -1 31 -1 -2 
4 1 -1 2 -1 5 -1 8 -1 13 -1 15 -1 18 -1 21 -1 22 -1 21 -1 27 -1 31 -1 32 -1 33 -1 -2 
4 1 -1 2 -1 1 -1 2 -1 5 -1 8 -1 13 -1 12 -1 13 -1 12 -1 13 -1 12 -1 13 -1 14 -1 13 -1 16 -1 15 -1 16 -1 17 -1 16 -1 15 -1 16 -1 15 -1 16 -1 17 -1 16 -1 15 -1 18 -1 19 -1 20 -1 19 -1 18 -1 21 -1 22 -1 21 -1 22 -1 21 -1 22 -1 21 -1 27 -1 28 -1 27 -1 30 -1 31 -1 30 -1 33 -1 36 -1 -2 
4 1 -1 2 -1 13 -1 12 -1 13 -1 15 -1 18 -1 19 -1 20 -1 21 -1 22 -1 21 -1 22 -1 21 -1 22 -1 27 -1 34 -1 -2 
4 1 -1 2 -1 4 -1 5 -1 4 -1 6 -1 13 -1 12 -1 13 -1 15 -1 18 -1 22 -1 21 -1 27 -1 28 -1 29 -1 -2 
4 1 -1 2 -1 4 -1 5 -1 4 -1 8 -1 13 -1 16 -1 15 -1 16 -1 17 -1 16 -1 15 -1 18 -1 19 -1 20 -1 21 -1 22 -1 21 -1 22 -1 23 -1 27 -1 32 -1 -2 
4 1 -1 5 -1 8 -1 13 -1 14 -1 13 -1 15 -1 16 -1 18 -1 19 -1 21 -1 23 -1 22 -1 21 -1 22 -1 26 -1 27 -1 35 -1 36 -1 -2 
4 1 -1 2 -1 5 -1 4 -1 3 -1 4 -1 8 -1 13 -1 12 -1 13 -1 16 -1 15 -1 18 -1 22 -1 21 -1 22 -1 27 -1 35 -1 36 -1 -2 
4 1 -1 2 -1 1 -1 2 -1 4 -1 6 -1 13 -1 12 -1 13 -1 12 -1 13 -1 12 -1 13 -1 15 -1 16 -1 17 -1 15 -1 16 -1 18 -1 19 -1 18 -1 23 -1 22 -1 21 -1 22 -1 21 -1 23 -1 22 -1 21 -1 26 -1 27 -1 28 -1 29 -1 28 -1 27 -1 -2 
4 1 -1 8 -1 13 -1 12 -1 13 -1 12 -1 13 -1 12 -1 13 -1 17 -1 15 -1 16 -1 18 -1 19 -1 21 -1 22 -1 21 -1 22 -1 27 -1 -2 
4 1 -1 2 -1 1 -1 2 -1 3 -1 6 -1 13 -1 12 -1 13 -1 15 -1 16 -1 18 -1 19 -1 20 -1 22 -1 22 -1 21 -1 22 -1 23 -1 22 -1 27 -1 -2 
4 1 -1 5 -1 4 -1 3 -1 6 -1 13 -1 12 -1 13 -1 16 -1 15 -1 16 -1 18 -1 19 -1 22 -1 23 -1 21 -1 22 -1 21 -1 22 -1 27 -1 32 -1 -2 
4 1 -1 2 -1 13 -1 12 -1 13 -1 12 -1 13 -1 15 -1 16 -1 15 -1 16 -1 15 -1 18 -1 22 -1 21 -1 26 -1 27 -1 28 -1 29 -1 -2 
4 1 -1 8 -1 13 -1 12 -1 13 -1 12 -1 13 -1 17 -1 16 -1 15 -1 18 -1 19 -1 20 -1 21 -1 22 -1 21 -1 22 -1 27 -1 28 -1 32 -1 35 -1 -2 
4 1 -1 2 -1 1 -1 2 -1 1 -1 6 -1 7 -1 6 -1 13 -1 12 -1 13 -1 12 -1 13 -1 12 -1 13 -1 12 -1 13 -1 16 -1 15 -1 17 -1 15 -1 16 -1 17 -1 15 -1 16 -1 18 -1 19 -1 20 -1 19 -1 20 -1 19 -1 18 -1 19 -1 18 -1 19 -1 20 -1 19 -1 22 -1 21 -1 22 -1 21 -1 22 -1 21 -1 22 -1 21 -1 22 -1 21 -1 22 -1 21 -1 22 -1 26 -1 27 -1 28 -1 27 -1 28 -1 27 -1 32 -1 36 -1 37 -1 36 -1 -2 
4 1 -1 2 -1 1 -1 2 -1 3 -1 4 -1 8 -1 7 -1 6 -1 7 -1 6 -1 13 -1 12 -1 13 -1 12 -1 13 -1 12 -1 13 -1 12 -1 13 -1 16 -1 15 -1 16 -1 17 -1 16 -1 15 -1 16 -1 18 -1 19 -1 18 -1 19 -1 20 -1 22 -1 21 -1 22 -1 21 -1 22 -1 21 -1 22 -1 23 -1 27 -1 28 -1 27 -1 30 -1 36 -1 -2 
4 1 -1 2 -1 6 -1 13 -1 12 -1 13 -1 15 -1 18 -1 22 -1 21 -1 22 -1 23 -1 27 -1 28 -1 29 -1 32 -1 -2 
4 1 -1 2 -1 1 -1 6 -1 13 -1 12 -1 13 -1 12 -1 13 -1 15 -1 16 -1 15 -1 16 -1 18 -1 19 -1 21 -1 22 -1 21 -1 22 -1 23 -1 27 -1 28 -1 29 -1 32 -1 -2 
4 1 -1 13 -1 12 -1 13 -1 15 -1 16 -1 18 -1 19 -1 20 -1 19 -1 22 -1 21 -1 27 -1 28 -1 32 -1 -2 
4 1 -1 2 -1 5 -1 13 -1 12 -1 13 -1 14 -1 13 -1 12 -1 15 -1 16 -1 19 -1 18 -1 21 -1 23 -1 22 -1 21 -1 22 -1 27 -1 -2 
4 1 -1 5 -1 12 -1 13 -1 12 -1 13 -1 12 -1 13 -1 16 -1 15 -1 16 -1 18 -1 19 -1 20 -1 22 -1 21 -1 27 -1 28 -1 34 -1 36 -1 -2 
4 1 -1 2 -1 1 -1 2 -1 5 -1 8 -1 7 -1 8 -1 13 -1 12 -1 13 -1 12 -1 13 -1 12 -1 13 -1 15 -1 16 -1 15 -1 17 -1 15 -1 16 -1 18 -1 19 -1 18 -1 19 -1 20 -1 21 -1 22 -1 21 -1 22 -1 21 -1 22 -1 21 -1 22 -1 27 -1 28 -1 27 -1 28 -1 29 -1 32 -1 36 -1 -2 
4 1 -1 2 -1 6 -1 13 -1 12 -1 13 -1 16 -1 15 -1 16 -1 15 -1 18 -1 19 -1 20 -1 22 -1 21 -1 27 -1 28 -1 29 -1 -2 
4 1 -1 2 -1 1 -1 2 -1 3 -1 4 -1 6 -1 13 -1 12 -1 13 -1 12 -1 13 -1 12 -1 13 -1 12 -1 13 -1 12 -1 15 -1 16 -1 15 -1 16 -1 17 -1 15 -1 18 -1 19 -1 18 -1 21 -1 22 -1 21 -1 22 -1 23 -1 21 -1 22 -1 21 -1 22 -1 27 -1 28 -1 27 -1 36 -1 -2 
4 1 -1 2 -1 4 -1 6 -1 12 -1 13 -1 12 -1 13 -1 15 -1 16 -1 18 -1 22 -1 21 -1 22 -1 23 -1 26 -1 27 -1 32 -1 -2 
4 1 -1 2 -1 4 -1 13 -1 12 -1 13 -1 14 -1 13 -1 15 -1 18 -1 21 -1 22 -1 21 -1 22 -1 27 -1 -2 
4 1 -1 2 -1 5 -1 4 -1 13 -1 15 -1 16 -1 18 -1 22 -1 21 -1 22 -1 23 -1 27 -1 32 -1 -2 
4 1 -1 2 -1 13 -1 12 -1 13 -1 14 -1 13 -1 15 -1 16 -1 18 -1 22 -1 21 -1 22 -1 27 -1 32 -1 -2 
4 1 -1 2 -1 6 -1 13 -1 12 -1 13 -1 16 -1 15 -1 18 -1 22 -1 21 -1 22 -1 27 -1 -2 
4 1 -1 2 -1 6 -1 13 -1 12 -1 13 -1 12 -1 15 -1 18 -1 22 -1 21 -1 22 -1 27 -1 -2 
4 1 -1 2 -1 8 -1 12 -1 13 -1 12 -1 13 -1 15 -1 18 -1 22 -1 21 -1 27 -1 28 -1 29 -1 -2 
4 1 -1 2 -1 8 -1 13 -1 12 -1 13 -1 15 -1 18 -1 21 -1 22 -1 21 -1 26 -1 27 -1 28 -1 -2 
4 1 -1 2 -1 13 -1 12 -1 13 -1 12 -1 13 -1 17 -1 16 -1 15 -1 18 -1 21 -1 22 -1 21 -1 22 -1 28 -1 27 -1 32 -1 -2 
4 1 -1 2 -1 6 -1 13 -1 12 -1 13 -1 15 -1 16 -1 18 -1 22 -1 21 -1 27 -1 32 -1 -2 
4 1 -1 2 -1 13 -1 12 -1 13 -1 12 -1 13 -1 15 -1 18 -1 21 -1 22 -1 21 -1 22 -1 21 -1 22 -1 23 -1 22 -1 27 -1 -2 
4 1 -1 2 -1 13 -1 12 -1 13 -1 12 -1 13 -1 16 -1 15 -1 18 -1 22 -1 21 -1 22 -1 27 -1 32 -1 -2 
4 1 -1 2 -1 13 -1 12 -1 13 -1 16 -1 15 -1 18 -1 22 -1 21 -1 22 -1 27 -1 28 -1 29 -1 32 -1 -2 
4 1 -1 2 -1 13 -1 12 -1 13 -1 16 -1 15 -1 16 -1 18 -1 19 -1 20 -1 22 -1 21 -1 22 -1 23 -1 27 -1 32 -1 -2 
4 1 -1 2 -1 4 -1 6 -1 13 -1 12 -1 13 -1 16 -1 15 -1 16 -1 15 -1 18 -1 21 -1 22 -1 21 -1 27 -1 28 -1 29 -1 32 -1 -2 
4 1 -1 2 -1 4 -1 13 -1 12 -1 13 -1 12 -1 13 -1 17 -1 15 -1 16 -1 18 -1 19 -1 20 -1 19 -1 20 -1 21 -1 22 -1 21 -1 22 -1 27 -1 32 -1 -2 
4 1 -1 2 -1 13 -1 12 -1 13 -1 12 -1 15 -1 16 -1 15 -1 16 -1 18 -1 22 -1 21 -1 27 -1 -2 
4 1 -1 2 -1 1 -1 2 -1 5 -1 4 -1 3 -1 6 -1 12 -1 13 -1 12 -1 13 -1 12 -1 13 -1 12 -1 13 -1 12 -1 13 -1 12 -1 13 -1 12 -1 16 -1 15 -1 17 -1 15 -1 18 -1 19 -1 18 -1 21 -1 22 -1 21 -1 22 -1 23 -1 21 -1 22 -1 21 -1 27 -1 28 -1 27 -1 28 -1 29 -1 32 -1 31 -1 32 -1 -2 
4 1 -1 2 -1 13 -1 12 -1 13 -1 15 -1 16 -1 18 -1 22 -1 21 -1 22 -1 27 -1 -2 
4 1 -1 2 -1 13 -1 12 -1 13 -1 15 -1 16 -1 15 -1 16 -1 18 -1 22 -1 21 -1 22 -1 27 -1 -2 
4 1 -1 2 -1 6 -1 13 -1 12 -1 13 -1 12 -1 13 -1 12 -1 15 -1 16 -1 18 -1 22 -1 21 -1 27 -1 30 -1 -2 
4 1 -1 12 -1 13 -1 12 -1 13 -1 12 -1 13 -1 16 -1 15 -1 16 -1 18 -1 21 -1 22 -1 21 -1 22 -1 27 -1 28 -1 32 -1 -2 
4 1 -1 2 -1 13 -1 16 -1 15 -1 16 -1 18 -1 22 -1 21 -1 27 -1 -2 
4 1 -1 13 -1 12 -1 13 -1 16 -1 15 -1 18 -1 19 -1 21 -1 22 -1 21 -1 22 -1 27 -1 -2 
4 1 -1 2 -1 13 -1 14 -1 13 -1 12 -1 13 -1 16 -1 15 -1 16 -1 18 -1 22 -1 21 -1 22 -1 27 -1 28 -1 29 -1 31 -1 32 -1 -2 
4 1 -1 2 -1 13 -1 12 -1 13 -1 12 -1 13 -1 16 -1 15 -1 16 -1 18 -1 22 -1 21 -1 22 -1 23 -1 27 -1 32 -1 -2 
4 1 -1 2 -1 13 -1 12 -1 13 -1 12 -1 15 -1 18 -1 22 -1 21 -1 22 -1 23 -1 27 -1 -2 
4 1 -1 12 -1 13 -1 12 -1 13 -1 15 -1 16 -1 18 -1 19 -1 22 -1 21 -1 22 -1 27 -1 32 -1 -2 
4 1 -1 2 -1 13 -1 12 -1 13 -1 16 -1 15 -1 16 -1 15 -1 16 -1 18 -1 22 -1 21 -1 22 -1 27 -1 -2 
4 1 -1 2 -1 1 -1 2 -1 1 -1 2 -1 13 -1 12 -1 13 -1 12 -1 13 -1 12 -1 13 -1 12 -1 13 -1 12 -1 13 -1 12 -1 13 -1 12 -1 13 -1 16 -1 15 -1 17 -1 15 -1 16 -1 17 -1 15 -1 16 -1 15 -1 16 -1 18 -1 19 -1 18 -1 19 -1 18 -1 19 -1 20 -1 19 -1 18 -1 22 -1 21 -1 22 -1 21 -1 22 -1 21 -1 22 -1 21 -1 22 -1 21 -1 22 -1 27 -1 28 -1 29 -1 28 -1 27 -1 28 -1 27 -1 32 -1 31 -1 32 -1 -2 
4 1 -1 2 -1 1 -1 2 -1 13 -1 12 -1 13 -1 12 -1 13 -1 12 -1 13 -1 15 -1 16 -1 17 -1 16 -1 15 -1 16 -1 18 -1 19 -1 18 -1 22 -1 21 -1 22 -1 21 -1 22 -1 21 -1 22 -1 21 -1 22 -1 27 -1 28 -1 29 -1 28 -1 27 -1 32 -1 31 -1 32 -1 -2 
4 1 -1 2 -1 13 -1 12 -1 13 -1 12 -1 13 -1 15 -1 18 -1 19 -1 20 -1 22 -1 21 -1 22 -1 23 -1 22 -1 27 -1 32 -1 -2 
4 1 -1 2 -1 6 -1 13 -1 16 -1 15 -1 16 -1 18 -1 22 -1 21 -1 22 -1 27 -1 32 -1 -2 
4 1 -1 2 -1 13 -1 12 -1 15 -1 16 -1 18 -1 19 -1 20 -1 22 -1 21 -1 27 -1 28 -1 29 -1 -2 
4 1 -1 2 -1 4 -1 12 -1 13 -1 12 -1 13 -1 15 -1 18 -1 21 -1 22 -1 21 -1 27 -1 28 -1 30 -1 -2 
4 1 -1 2 -1 13 -1 12 -1 13 -1 12 -1 13 -1 16 -1 15 -1 16 -1 18 -1 19 -1 18 -1 19 -1 20 -1 21 -1 22 -1 21 -1 28 -1 27 -1 28 -1 29 -1 -2 
4 1 -1 2 -1 1 -1 2 -1 1 -1 2 -1 1 -1 2 -1 1 -1 2 -1 6 -1 13 -1 12 -1 13 -1 12 -1 13 -1 12 -1 13 -1 12 -1 13 -1 12 -1 13 -1 12 -1 13 -1 12 -1 13 -1 12 -1 13 -1 16 -1 15 -1 16 -1 17 -1 16 -1 15 -1 16 -1 17 -1 15 -1 17 -1 16 -1 15 -1 16 -1 17 -1 18 -1 19 -1 18 -1 19 -1 18 -1 19 -1 18 -1 19 -1 18 -1 21 -1 22 -1 21 -1 22 -1 21 -1 22 -1 21 -1 22 -1 21 -1 22 -1 21 -1 22 -1 21 -1 22 -1 21 -1 22 -1 21 -1 22 -1 21 -1 22 -1 21 -1 27 -1 28 -1 27 -1 28 -1 27 -1 28 -1 29 -1 28 -1 27 -1 28 -1 27 -1 30 -1 31 -1 32 -1 31 -1 32 -1 31 -1 32 -1 37 -1 37 -1 -2 
4 1 -1 2 -1 13 -1 12 -1 13 -1 12 -1 17 -1 16 -1 15 -1 18 -1 21 -1 22 -1 21 -1 22 -1 23 -1 27 -1 28 -1 29 -1 30 -1 31 -1 32 -1 -2 
4 1 -1 2 -1 13 -1 12 -1 13 -1 17 -1 15 -1 18 -1 21 -1 22 -1 21 -1 27 -1 -2 
4 1 -1 2 -1 3 -1 13 -1 12 -1 13 -1 17 -1 16 -1 15 -1 18 -1 19 -1 18 -1 21 -1 22 -1 21 -1 27 -1 28 -1 29 -1 30 -1 31 -1 32 -1 -2 
4 1 -1 2 -1 1 -1 2 -1 1 -1 2 -1 1 -1 2 -1 6 -1 13 -1 12 -1 13 -1 12 -1 13 -1 12 -1 13 -1 12 -1 13 -1 12 -1 13 -1 12 -1 13 -1 17 -1 15 -1 16 -1 17 -1 15 -1 16 -1 15 -1 16 -1 17 -1 16 -1 15 -1 16 -1 15 -1 16 -1 17 -1 15 -1 18 -1 19 -1 18 -1 19 -1 18 -1 19 -1 18 -1 21 -1 22 -1 21 -1 22 -1 21 -1 22 -1 21 -1 22 -1 21 -1 22 -1 21 -1 22 -1 21 -1 22 -1 21 -1 27 -1 28 -1 27 -1 28 -1 27 -1 28 -1 27 -1 32 -1 37 -1 -2 
4 1 -1 2 -1 1 -1 2 -1 13 -1 12 -1 13 -1 12 -1 13 -1 12 -1 13 -1 12 -1 13 -1 17 -1 15 -1 16 -1 15 -1 16 -1 17 -1 15 -1 18 -1 19 -1 18 -1 21 -1 22 -1 21 -1 22 -1 21 -1 22 -1 21 -1 27 -1 28 -1 29 -1 28 -1 27 -1 32 -1 31 -1 32 -1 37 -1 -2 
4 1 -1 2 -1 13 -1 12 -1 13 -1 17 -1 18 -1 21 -1 22 -1 21 -1 27 -1 28 -1 30 -1 -2 
4 1 -1 2 -1 13 -1 12 -1 13 -1 16 -1 17 -1 16 -1 15 -1 18 -1 21 -1 22 -1 21 -1 22 -1 28 -1 27 -1 -2 
4 1 -1 2 -1 13 -1 17 -1 15 -1 18 -1 22 -1 21 -1 27 -1 32 -1 -2 
4 1 -1 2 -1 13 -1 12 -1 13 -1 17 -1 15 -1 18 -1 21 -1 22 -1 21 -1 27 -1 30 -1 -2 
4 1 -1 2 -1 13 -1 12 -1 13 -1 12 -1 13 -1 16 -1 17 -1 15 -1 18 -1 21 -1 22 -1 21 -1 27 -1 28 -1 29 -1 30 -1 31 -1 32 -1 -2 
4 1 -1 2 -1 13 -1 12 -1 15 -1 16 -1 18 -1 19 -1 20 -1 21 -1 22 -1 21 -1 22 -1 23 -1 27 -1 32 -1 -2 
4 1 -1 2 -1 12 -1 13 -1 12 -1 13 -1 16 -1 15 -1 16 -1 18 -1 21 -1 22 -1 21 -1 22 -1 27 -1 32 -1 -2 
4 1 -1 2 -1 13 -1 12 -1 13 -1 12 -1 13 -1 15 -1 18 -1 22 -1 21 -1 22 -1 21 -1 27 -1 -2 
5 1 -1 7 -1 7 -1 6 -1 11 -1 12 -1 13 -1 12 -1 13 -1 17 -1 15 -1 18 -1 22 -1 27 -1 28 -1 29 -1 39 -1 -2 
5 1 -1 4 -1 5 -1 8 -1 11 -1 10 -1 9 -1 13 -1 12 -1 13 -1 12 -1 13 -1 17 -1 15 -1 16 -1 15 -1 16 -1 18 -1 22 -1 23 -1 22 -1 27 -1 28 -1 35 -1 34 -1 33 -1 -2 
5 1 -1 2 -1 1 -1 3 -1 4 -1 3 -1 4 -1 5 -1 7 -1 8 -1 11 -1 10 -1 9 -1 10 -1 11 -1 13 -1 12 -1 13 -1 12 -1 13 -1 12 -1 13 -1 17 -1 15 -1 16 -1 17 -1 15 -1 18 -1 19 -1 18 -1 23 -1 22 -1 21 -1 22 -1 23 -1 22 -1 21 -1 23 -1 26 -1 27 -1 28 -1 27 -1 28 -1 33 -1 34 -1 35 -1 -2 
5 1 -1 6 -1 13 -1 12 -1 13 -1 12 -1 13 -1 12 -1 17 -1 18 -1 19 -1 26 -1 27 -1 28 -1 -2 
5 1 -1 3 -1 6 -1 12 -1 13 -1 12 -1 17 -1 15 -1 16 -1 15 -1 18 -1 19 -1 20 -1 19 -1 22 -1 21 -1 22 -1 21 -1 22 -1 27 -1 28 -1 27 -1 36 -1 -2 
5 1 -1 3 -1 11 -1 10 -1 9 -1 12 -1 13 -1 12 -1 13 -1 12 -1 13 -1 17 -1 15 -1 18 -1 19 -1 22 -1 27 -1 28 -1 27 -1 35 -1 41 -1 40 -1 39 -1 -2 
5 1 -1 11 -1 10 -1 9 -1 13 -1 15 -1 16 -1 15 -1 16 -1 18 -1 19 -1 23 -1 21 -1 22 -1 21 -1 23 -1 27 -1 28 -1 29 -1 41 -1 40 -1 39 -1 40 -1 -2 
5 1 -1 4 -1 5 -1 6 -1 11 -1 10 -1 9 -1 13 -1 12 -1 13 -1 15 -1 18 -1 19 -1 22 -1 23 -1 27 -1 28 -1 35 -1 34 -1 36 -1 -2 
5 1 -1 13 -1 18 -1 19 -1 18 -1 23 -1 27 -1 28 -1 39 -1 -2 
5 1 -1 3 -1 13 -1 12 -1 13 -1 17 -1 15 -1 16 -1 15 -1 18 -1 19 -1 22 -1 27 -1 28 -1 27 -1 28 -1 29 -1 -2 
5 1 -1 5 -1 6 -1 11 -1 10 -1 9 -1 13 -1 15 -1 18 -1 19 -1 22 -1 23 -1 21 -1 22 -1 27 -1 35 -1 34 -1 33 -1 41 -1 -2 
5 1 -1 8 -1 13 -1 12 -1 16 -1 15 -1 16 -1 15 -1 18 -1 22 -1 27 -1 28 -1 29 -1 28 -1 39 -1 -2 
5 1 -1 6 -1 9 -1 12 -1 13 -1 12 -1 13 -1 17 -1 15 -1 18 -1 22 -1 23 -1 21 -1 22 -1 21 -1 22 -1 27 -1 28 -1 35 -1 34 -1 33 -1 36 -1 41 -1 40 -1 -2 
5 1 -1 2 -1 1 -1 5 -1 4 -1 5 -1 6 -1 11 -1 10 -1 9 -1 10 -1 9 -1 13 -1 12 -1 13 -1 12 -1 13 -1 12 -1 13 -1 12 -1 13 -1 12 -1 13 -1 15 -1 17 -1 18 -1 19 -1 18 -1 22 -1 21 -1 22 -1 21 -1 22 -1 23 -1 21 -1 23 -1 22 -1 22 -1 23 -1 21 -1 27 -1 28 -1 27 -1 28 -1 35 -1 34 -1 35 -1 39 -1 -2 
5 1 -1 7 -1 8 -1 13 -1 17 -1 18 -1 19 -1 20 -1 21 -1 23 -1 22 -1 21 -1 22 -1 22 -1 21 -1 22 -1 27 -1 28 -1 29 -1 28 -1 39 -1 -2 
5 1 -1 7 -1 11 -1 10 -1 9 -1 13 -1 12 -1 13 -1 17 -1 15 -1 16 -1 18 -1 22 -1 26 -1 27 -1 28 -1 27 -1 28 -1 30 -1 31 -1 32 -1 37 -1 37 -1 41 -1 40 -1 39 -1 -2 
5 1 -1 5 -1 6 -1 13 -1 12 -1 13 -1 18 -1 23 -1 27 -1 28 -1 35 -1 34 -1 33 -1 41 -1 40 -1 39 -1 -2 
5 1 -1 13 -1 12 -1 13 -1 17 -1 18 -1 22 -1 21 -1 22 -1 27 -1 28 -1 33 -1 -2 
5 1 -1 3 -1 13 -1 12 -1 13 -1 17 -1 16 -1 15 -1 18 -1 23 -1 22 -1 22 -1 21 -1 23 -1 22 -1 26 -1 27 -1 28 -1 27 -1 28 -1 29 -1 28 -1 30 -1 41 -1 -2 
5 1 -1 5 -1 6 -1 13 -1 12 -1 13 -1 17 -1 15 -1 16 -1 15 -1 18 -1 19 -1 20 -1 19 -1 22 -1 27 -1 -2 
5 1 -1 3 -1 4 -1 6 -1 13 -1 12 -1 13 -1 17 -1 15 -1 18 -1 27 -1 28 -1 32 -1 35 -1 -2 
5 1 -1 11 -1 13 -1 12 -1 13 -1 18 -1 19 -1 22 -1 27 -1 -2 
5 1 -1 5 -1 4 -1 3 -1 6 -1 11 -1 10 -1 9 -1 13 -1 17 -1 15 -1 18 -1 22 -1 26 -1 27 -1 28 -1 29 -1 28 -1 32 -1 -2 
5 1 -1 5 -1 6 -1 13 -1 18 -1 23 -1 22 -1 27 -1 28 -1 35 -1 -2 
5 1 -1 13 -1 12 -1 13 -1 17 -1 16 -1 15 -1 18 -1 23 -1 27 -1 28 -1 29 -1 28 -1 30 -1 31 -1 -2 
5 1 -1 9 -1 13 -1 12 -1 13 -1 12 -1 13 -1 17 -1 15 -1 17 -1 15 -1 16 -1 15 -1 18 -1 22 -1 27 -1 28 -1 -2 
5 1 -1 5 -1 4 -1 3 -1 6 -1 9 -1 13 -1 12 -1 13 -1 17 -1 15 -1 18 -1 22 -1 21 -1 22 -1 27 -1 28 -1 27 -1 28 -1 35 -1 34 -1 33 -1 39 -1 -2 
5 1 -1 11 -1 10 -1 9 -1 13 -1 12 -1 13 -1 16 -1 15 -1 16 -1 18 -1 22 -1 23 -1 21 -1 22 -1 27 -1 28 -1 39 -1 -2 
5 1 -1 11 -1 10 -1 9 -1 13 -1 17 -1 15 -1 18 -1 19 -1 18 -1 27 -1 28 -1 27 -1 28 -1 29 -1 28 -1 40 -1 39 -1 -2 
5 1 -1 9 -1 13 -1 12 -1 13 -1 12 -1 13 -1 15 -1 18 -1 27 -1 28 -1 29 -1 28 -1 31 -1 32 -1 39 -1 -2 
5 1 -1 5 -1 9 -1 13 -1 12 -1 13 -1 12 -1 13 -1 12 -1 13 -1 12 -1 13 -1 17 -1 15 -1 16 -1 18 -1 21 -1 22 -1 23 -1 22 -1 27 -1 28 -1 27 -1 28 -1 35 -1 -2 
5 1 -1 11 -1 13 -1 12 -1 13 -1 15 -1 18 -1 19 -1 22 -1 23 -1 27 -1 35 -1 34 -1 33 -1 41 -1 40 -1 39 -1 -2 
5 1 -1 2 -1 1 -1 2 -1 1 -1 6 -1 9 -1 13 -1 12 -1 13 -1 12 -1 13 -1 12 -1 13 -1 12 -1 13 -1 12 -1 13 -1 12 -1 13 -1 12 -1 13 -1 17 -1 15 -1 17 -1 15 -1 17 -1 15 -1 16 -1 18 -1 19 -1 18 -1 19 -1 20 -1 19 -1 18 -1 22 -1 23 -1 22 -1 21 -1 23 -1 22 -1 21 -1 22 -1 21 -1 22 -1 26 -1 27 -1 28 -1 27 -1 28 -1 27 -1 28 -1 29 -1 28 -1 27 -1 28 -1 27 -1 28 -1 30 -1 31 -1 30 -1 33 -1 36 -1 41 -1 40 -1 39 -1 -2 
5 1 -1 2 -1 1 -1 5 -1 4 -1 5 -1 6 -1 7 -1 6 -1 11 -1 10 -1 9 -1 13 -1 12 -1 13 -1 12 -1 13 -1 15 -1 17 -1 16 -1 15 -1 18 -1 19 -1 18 -1 19 -1 18 -1 22 -1 21 -1 22 -1 26 -1 27 -1 28 -1 29 -1 28 -1 27 -1 28 -1 30 -1 33 -1 34 -1 35 -1 41 -1 40 -1 41 -1 -2 
5 1 -1 2 -1 1 -1 3 -1 4 -1 5 -1 4 -1 3 -1 8 -1 9 -1 13 -1 12 -1 13 -1 12 -1 13 -1 12 -1 13 -1 14 -1 13 -1 17 -1 15 -1 17 -1 15 -1 16 -1 18 -1 19 -1 20 -1 19 -1 18 -1 19 -1 18 -1 22 -1 23 -1 22 -1 21 -1 22 -1 23 -1 22 -1 21 -1 22 -1 21 -1 22 -1 27 -1 28 -1 27 -1 28 -1 30 -1 31 -1 32 -1 31 -1 30 -1 37 -1 -2 
5 1 -1 2 -1 1 -1 5 -1 4 -1 3 -1 4 -1 4 -1 5 -1 8 -1 7 -1 6 -1 7 -1 6 -1 11 -1 13 -1 12 -1 13 -1 12 -1 13 -1 17 -1 15 -1 16 -1 17 -1 15 -1 18 -1 19 -1 18 -1 19 -1 18 -1 21 -1 23 -1 21 -1 22 -1 21 -1 22 -1 21 -1 22 -1 26 -1 25 -1 26 -1 27 -1 28 -1 27 -1 28 -1 27 -1 28 -1 29 -1 28 -1 35 -1 34 -1 35 -1 -2 
5 1 -1 8 -1 7 -1 6 -1 13 -1 12 -1 13 -1 14 -1 13 -1 15 -1 18 -1 22 -1 27 -1 28 -1 27 -1 28 -1 29 -1 28 -1 35 -1 -2 
5 1 -1 6 -1 13 -1 12 -1 13 -1 17 -1 16 -1 15 -1 16 -1 15 -1 17 -1 15 -1 16 -1 18 -1 22 -1 23 -1 22 -1 21 -1 22 -1 27 -1 28 -1 29 -1 28 -1 30 -1 31 -1 -2 
5 1 -1 11 -1 13 -1 12 -1 15 -1 18 -1 22 -1 23 -1 21 -1 22 -1 21 -1 22 -1 23 -1 27 -1 28 -1 -2 
5 1 -1 4 -1 5 -1 12 -1 13 -1 15 -1 18 -1 22 -1 23 -1 22 -1 21 -1 27 -1 28 -1 35 -1 34 -1 39 -1 -2 
5 1 -1 6 -1 11 -1 13 -1 12 -1 13 -1 12 -1 17 -1 15 -1 16 -1 18 -1 21 -1 22 -1 23 -1 21 -1 22 -1 21 -1 22 -1 27 -1 28 -1 27 -1 28 -1 39 -1 -2 
5 1 -1 5 -1 11 -1 12 -1 13 -1 16 -1 15 -1 18 -1 27 -1 28 -1 -2 
5 1 -1 3 -1 11 -1 10 -1 9 -1 13 -1 12 -1 15 -1 18 -1 19 -1 20 -1 22 -1 21 -1 27 -1 28 -1 27 -1 28 -1 29 -1 28 -1 -2 
5 1 -1 6 -1 11 -1 10 -1 9 -1 12 -1 13 -1 17 -1 18 -1 21 -1 23 -1 21 -1 22 -1 21 -1 27 -1 28 -1 27 -1 28 -1 27 -1 28 -1 29 -1 30 -1 -2 
5 1 -1 6 -1 13 -1 12 -1 13 -1 12 -1 17 -1 15 -1 18 -1 21 -1 22 -1 27 -1 28 -1 -2 
5 1 -1 9 -1 12 -1 13 -1 12 -1 17 -1 15 -1 18 -1 22 -1 21 -1 27 -1 28 -1 30 -1 31 -1 33 -1 -2 
5 1 -1 12 -1 13 -1 12 -1 13 -1 12 -1 13 -1 12 -1 13 -1 12 -1 13 -1 12 -1 13 -1 16 -1 15 -1 18 -1 21 -1 22 -1 23 -1 27 -1 28 -1 27 -1 28 -1 29 -1 28 -1 -2 
5 1 -1 6 -1 13 -1 12 -1 13 -1 16 -1 15 -1 18 -1 22 -1 23 -1 21 -1 27 -1 28 -1 -2 
5 1 -1 9 -1 17 -1 15 -1 18 -1 21 -1 22 -1 21 -1 23 -1 22 -1 21 -1 22 -1 27 -1 28 -1 30 -1 -2 
5 1 -1 6 -1 11 -1 12 -1 13 -1 12 -1 13 -1 12 -1 13 -1 17 -1 15 -1 16 -1 15 -1 16 -1 18 -1 19 -1 18 -1 23 -1 27 -1 28 -1 27 -1 28 -1 39 -1 -2 
5 1 -1 2 -1 1 -1 5 -1 8 -1 7 -1 6 -1 11 -1 10 -1 11 -1 10 -1 9 -1 13 -1 12 -1 13 -1 12 -1 13 -1 12 -1 13 -1 12 -1 13 -1 15 -1 17 -1 16 -1 15 -1 18 -1 19 -1 18 -1 21 -1 22 -1 21 -1 22 -1 26 -1 27 -1 28 -1 27 -1 28 -1 29 -1 28 -1 41 -1 40 -1 39 -1 -2 
5 1 -1 3 -1 4 -1 6 -1 13 -1 12 -1 13 -1 12 -1 17 -1 18 -1 23 -1 21 -1 22 -1 21 -1 27 -1 28 -1 -2 
5 1 -1 11 -1 10 -1 9 -1 12 -1 13 -1 12 -1 13 -1 16 -1 15 -1 18 -1 22 -1 21 -1 22 -1 27 -1 28 -1 27 -1 28 -1 40 -1 39 -1 -2 
5 1 -1 11 -1 10 -1 9 -1 13 -1 14 -1 13 -1 12 -1 17 -1 15 -1 18 -1 23 -1 22 -1 21 -1 22 -1 23 -1 27 -1 28 -1 27 -1 28 -1 -2 
5 1 -1 12 -1 13 -1 14 -1 13 -1 12 -1 15 -1 18 -1 22 -1 27 -1 28 -1 27 -1 28 -1 34 -1 -2 
5 1 -1 2 -1 5 -1 11 -1 12 -1 13 -1 12 -1 13 -1 16 -1 17 -1 16 -1 15 -1 16 -1 17 -1 18 -1 19 -1 18 -1 19 -1 20 -1 22 -1 23 -1 22 -1 21 -1 23 -1 27 -1 28 -1 27 -1 28 -1 29 -1 -2 
5 1 -1 11 -1 13 -1 12 -1 15 -1 16 -1 18 -1 19 -1 22 -1 21 -1 22 -1 27 -1 -2 
5 1 -1 2 -1 1 -1 2 -1 1 -1 3 -1 11 -1 10 -1 9 -1 10 -1 9 -1 12 -1 13 -1 12 -1 13 -1 12 -1 13 -1 12 -1 13 -1 12 -1 13 -1 12 -1 15 -1 17 -1 15 -1 17 -1 15 -1 16 -1 18 -1 19 -1 18 -1 19 -1 18 -1 22 -1 21 -1 22 -1 21 -1 22 -1 23 -1 22 -1 21 -1 23 -1 21 -1 23 -1 22 -1 22 -1 27 -1 28 -1 27 -1 28 -1 27 -1 28 -1 27 -1 28 -1 27 -1 28 -1 27 -1 28 -1 40 -1 39 -1 -2 
5 1 -1 12 -1 13 -1 12 -1 13 -1 12 -1 13 -1 15 -1 16 -1 18 -1 19 -1 20 -1 19 -1 23 -1 22 -1 21 -1 22 -1 23 -1 27 -1 28 -1 27 -1 28 -1 29 -1 -2 
5 1 -1 13 -1 12 -1 15 -1 18 -1 19 -1 18 -1 22 -1 21 -1 27 -1 28 -1 -2 
5 1 -1 2 -1 1 -1 11 -1 10 -1 9 -1 12 -1 13 -1 12 -1 13 -1 12 -1 13 -1 12 -1 13 -1 15 -1 17 -1 16 -1 15 -1 18 -1 19 -1 18 -1 19 -1 21 -1 22 -1 21 -1 22 -1 21 -1 22 -1 27 -1 28 -1 27 -1 28 -1 27 -1 28 -1 27 -1 -2 
5 1 -1 13 -1 16 -1 15 -1 16 -1 18 -1 22 -1 27 -1 28 -1 29 -1 28 -1 -2 
5 1 -1 4 -1 5 -1 11 -1 13 -1 12 -1 15 -1 16 -1 18 -1 22 -1 21 -1 22 -1 21 -1 22 -1 21 -1 22 -1 23 -1 22 -1 21 -1 27 -1 28 -1 27 -1 28 -1 27 -1 28 -1 34 -1 33 -1 -2 
5 1 -1 12 -1 13 -1 12 -1 17 -1 16 -1 15 -1 16 -1 18 -1 21 -1 22 -1 27 -1 28 -1 27 -1 28 -1 39 -1 -2 
5 1 -1 11 -1 10 -1 9 -1 12 -1 13 -1 12 -1 15 -1 16 -1 18 -1 19 -1 23 -1 22 -1 21 -1 22 -1 27 -1 28 -1 27 -1 28 -1 29 -1 28 -1 29 -1 39 -1 -2 
5 1 -1 11 -1 12 -1 13 -1 15 -1 18 -1 19 -1 22 -1 21 -1 22 -1 27 -1 -2 
5 1 -1 11 -1 13 -1 12 -1 13 -1 12 -1 13 -1 15 -1 18 -1 19 -1 20 -1 19 -1 22 -1 21 -1 22 -1 27 -1 31 -1 30 -1 -2 
5 1 -1 13 -1 12 -1 13 -1 15 -1 16 -1 18 -1 19 -1 21 -1 22 -1 21 -1 22 -1 27 -1 28 -1 29 -1 -2 
5 1 -1 13 -1 12 -1 13 -1 12 -1 13 -1 12 -1 13 -1 15 -1 16 -1 18 -1 19 -1 22 -1 23 -1 22 -1 21 -1 22 -1 27 -1 -2 
5 1 -1 2 -1 1 -1 2 -1 1 -1 2 -1 1 -1 2 -1 5 -1 4 -1 3 -1 6 -1 7 -1 6 -1 7 -1 6 -1 7 -1 6 -1 11 -1 10 -1 11 -1 10 -1 9 -1 13 -1 12 -1 13 -1 12 -1 13 -1 12 -1 13 -1 12 -1 13 -1 12 -1 13 -1 12 -1 13 -1 12 -1 13 -1 12 -1 13 -1 12 -1 13 -1 12 -1 13 -1 15 -1 16 -1 17 -1 16 -1 15 -1 16 -1 17 -1 15 -1 16 -1 17 -1 15 -1 16 -1 18 -1 19 -1 18 -1 19 -1 18 -1 19 -1 18 -1 19 -1 18 -1 19 -1 20 -1 22 -1 21 -1 22 -1 21 -1 22 -1 23 -1 22 -1 21 -1 23 -1 21 -1 22 -1 21 -1 23 -1 21 -1 22 -1 21 -1 22 -1 27 -1 28 -1 27 -1 28 -1 27 -1 28 -1 29 -1 28 -1 27 -1 28 -1 27 -1 28 -1 27 -1 28 -1 29 -1 41 -1 40 -1 39 -1 40 -1 -2 
5 1 -1 2 -1 1 -1 6 -1 9 -1 13 -1 12 -1 13 -1 12 -1 13 -1 12 -1 13 -1 15 -1 16 -1 17 -1 15 -1 18 -1 19 -1 18 -1 19 -1 22 -1 23 -1 22 -1 21 -1 22 -1 21 -1 22 -1 21 -1 22 -1 26 -1 27 -1 28 -1 27 -1 34 -1 -2 
5 1 -1 4 -1 11 -1 13 -1 12 -1 13 -1 17 -1 15 -1 18 -1 19 -1 20 -1 19 -1 22 -1 21 -1 22 -1 27 -1 -2 
5 1 -1 8 -1 13 -1 12 -1 13 -1 15 -1 16 -1 18 -1 19 -1 22 -1 21 -1 22 -1 23 -1 27 -1 28 -1 29 -1 37 -1 -2 
5 1 -1 2 -1 1 -1 5 -1 4 -1 5 -1 4 -1 8 -1 9 -1 10 -1 11 -1 10 -1 9 -1 13 -1 12 -1 13 -1 12 -1 13 -1 15 -1 17 -1 16 -1 15 -1 18 -1 19 -1 18 -1 19 -1 23 -1 21 -1 22 -1 21 -1 22 -1 23 -1 22 -1 21 -1 22 -1 21 -1 22 -1 27 -1 28 -1 27 -1 28 -1 27 -1 28 -1 27 -1 37 -1 40 -1 39 -1 40 -1 39 -1 -2 
5 1 -1 6 -1 7 -1 8 -1 13 -1 12 -1 13 -1 12 -1 13 -1 15 -1 16 -1 18 -1 19 -1 23 -1 22 -1 21 -1 22 -1 27 -1 28 -1 29 -1 37 -1 -2 
5 1 -1 2 -1 11 -1 10 -1 9 -1 13 -1 15 -1 16 -1 18 -1 21 -1 22 -1 21 -1 22 -1 27 -1 37 -1 39 -1 -2 
5 1 -1 6 -1 13 -1 12 -1 13 -1 15 -1 16 -1 18 -1 19 -1 20 -1 19 -1 22 -1 23 -1 21 -1 22 -1 21 -1 23 -1 22 -1 27 -1 -2 
5 1 -1 13 -1 12 -1 15 -1 16 -1 15 -1 16 -1 18 -1 19 -1 22 -1 21 -1 22 -1 27 -1 -2 
5 1 -1 9 -1 12 -1 13 -1 16 -1 15 -1 18 -1 19 -1 20 -1 19 -1 22 -1 21 -1 22 -1 23 -1 27 -1 39 -1 -2 
5 1 -1 13 -1 15 -1 16 -1 18 -1 19 -1 22 -1 21 -1 22 -1 27 -1 -2 
5 1 -1 11 -1 13 -1 12 -1 13 -1 15 -1 16 -1 18 -1 19 -1 22 -1 21 -1 22 -1 27 -1 -2 
5 1 -1 13 -1 12 -1 13 -1 12 -1 15 -1 16 -1 18 -1 19 -1 22 -1 21 -1 22 -1 27 -1 28 -1 29 -1 -2 
5 1 -1 11 -1 10 -1 9 -1 12 -1 13 -1 12 -1 15 -1 16 -1 18 -1 19 -1 22 -1 23 -1 22 -1 21 -1 27 -1 28 -1 29 -1 32 -1 39 -1 -2 
5 1 -1 12 -1 13 -1 12 -1 13 -1 15 -1 16 -1 15 -1 16 -1 18 -1 19 -1 21 -1 22 -1 21 -1 22 -1 27 -1 28 -1 29 -1 -2 
5 1 -1 9 -1 13 -1 12 -1 13 -1 12 -1 13 -1 15 -1 16 -1 18 -1 19 -1 22 -1 27 -1 -2 
5 1 -1 11 -1 13 -1 12 -1 15 -1 16 -1 18 -1 19 -1 22 -1 23 -1 22 -1 21 -1 22 -1 27 -1 32 -1 -2 
5 1 -1 12 -1 13 -1 12 -1 13 -1 16 -1 15 -1 16 -1 18 -1 19 -1 22 -1 21 -1 22 -1 27 -1 32 -1 -2 
5 1 -1 2 -1 1 -1 4 -1 5 -1 11 -1 13 -1 12 -1 13 -1 12 -1 15 -1 17 -1 15 -1 16 -1 18 -1 19 -1 20 -1 19 -1 18 -1 19 -1 23 -1 22 -1 21 -1 22 -1 21 -1 22 -1 21 -1 23 -1 27 -1 28 -1 27 -1 28 -1 27 -1 28 -1 29 -1 39 -1 40 -1 -2 
5 1 -1 12 -1 13 -1 12 -1 13 -1 15 -1 16 -1 18 -1 19 -1 18 -1 19 -1 22 -1 23 -1 22 -1 21 -1 22 -1 23 -1 27 -1 -2 
5 1 -1 2 -1 1 -1 3 -1 5 -1 4 -1 12 -1 13 -1 12 -1 13 -1 12 -1 13 -1 12 -1 13 -1 12 -1 15 -1 16 -1 17 -1 15 -1 16 -1 18 -1 19 -1 18 -1 19 -1 22 -1 23 -1 22 -1 21 -1 22 -1 23 -1 22 -1 21 -1 22 -1 21 -1 22 -1 27 -1 28 -1 29 -1 28 -1 27 -1 28 -1 27 -1 40 -1 -2 
5 1 -1 11 -1 10 -1 9 -1 12 -1 13 -1 12 -1 13 -1 15 -1 18 -1 19 -1 22 -1 27 -1 40 -1 39 -1 40 -1 -2 
5 1 -1 13 -1 12 -1 13 -1 12 -1 15 -1 16 -1 18 -1 19 -1 20 -1 19 -1 22 -1 23 -1 22 -1 21 -1 22 -1 26 -1 27 -1 28 -1 29 -1 -2 
5 1 -1 11 -1 12 -1 13 -1 12 -1 13 -1 15 -1 16 -1 18 -1 19 -1 20 -1 19 -1 22 -1 21 -1 22 -1 27 -1 -2 
5 1 -1 13 -1 12 -1 13 -1 15 -1 16 -1 15 -1 16 -1 18 -1 19 -1 22 -1 22 -1 21 -1 27 -1 28 -1 27 -1 28 -1 29 -1 -2 
6 1 -1 8 -1 7 -1 6 -1 11 -1 13 -1 12 -1 13 -1 12 -1 13 -1 12 -1 13 -1 15 -1 16 -1 15 -1 18 -1 19 -1 23 -1 27 -1 36 -1 37 -1 38 -1 40 -1 39 -1 -2 
6 1 -1 6 -1 9 -1 13 -1 14 -1 13 -1 12 -1 13 -1 15 -1 16 -1 15 -1 18 -1 19 -1 22 -1 27 -1 -2 
6 1 -1 6 -1 9 -1 13 -1 12 -1 13 -1 12 -1 13 -1 12 -1 13 -1 15 -1 18 -1 19 -1 22 -1 21 -1 23 -1 22 -1 21 -1 22 -1 26 -1 27 -1 30 -1 38 -1 -2 
6 1 -1 6 -1 9 -1 13 -1 14 -1 13 -1 12 -1 13 -1 17 -1 15 -1 18 -1 19 -1 22 -1 21 -1 22 -1 27 -1 36 -1 37 -1 38 -1 41 -1 -2 
6 1 -1 6 -1 9 -1 13 -1 14 -1 13 -1 18 -1 19 -1 22 -1 21 -1 22 -1 27 -1 28 -1 29 -1 30 -1 38 -1 41 -1 -2 
6 1 -1 8 -1 11 -1 10 -1 9 -1 13 -1 12 -1 13 -1 14 -1 12 -1 13 -1 12 -1 13 -1 16 -1 15 -1 17 -1 15 -1 18 -1 19 -1 23 -1 21 -1 22 -1 27 -1 30 -1 -2 
6 1 -1 9 -1 13 -1 12 -1 13 -1 12 -1 13 -1 12 -1 13 -1 16 -1 17 -1 18 -1 19 -1 22 -1 23 -1 22 -1 23 -1 22 -1 21 -1 22 -1 21 -1 22 -1 27 -1 36 -1 41 -1 40 -1 -2 
6 1 -1 2 -1 1 -1 8 -1 7 -1 8 -1 11 -1 10 -1 11 -1 13 -1 14 -1 13 -1 12 -1 13 -1 12 -1 13 -1 12 -1 13 -1 12 -1 13 -1 12 -1 13 -1 16 -1 17 -1 15 -1 17 -1 16 -1 15 -1 18 -1 19 -1 18 -1 19 -1 18 -1 19 -1 22 -1 23 -1 21 -1 22 -1 21 -1 22 -1 21 -1 22 -1 27 -1 28 -1 27 -1 36 -1 37 -1 36 -1 37 -1 38 -1 -2 
6 1 -1 4 -1 5 -1 11 -1 13 -1 14 -1 13 -1 12 -1 13 -1 12 -1 13 -1 12 -1 13 -1 16 -1 15 -1 18 -1 19 -1 22 -1 23 -1 22 -1 21 -1 22 -1 23 -1 22 -1 21 -1 23 -1 22 -1 27 -1 28 -1 29 -1 39 -1 -2 
6 1 -1 5 -1 4 -1 8 -1 11 -1 13 -1 12 -1 13 -1 12 -1 13 -1 16 -1 17 -1 15 -1 16 -1 15 -1 18 -1 19 -1 18 -1 19 -1 22 -1 21 -1 22 -1 27 -1 38 -1 -2 
6 1 -1 13 -1 12 -1 13 -1 17 -1 18 -1 19 -1 22 -1 21 -1 22 -1 21 -1 22 -1 27 -1 38 -1 -2 
6 1 -1 5 -1 8 -1 11 -1 13 -1 14 -1 13 -1 12 -1 13 -1 12 -1 13 -1 14 -1 17 -1 16 -1 15 -1 18 -1 19 -1 22 -1 21 -1 22 -1 27 -1 36 -1 -2 
6 1 -1 6 -1 13 -1 12 -1 13 -1 14 -1 12 -1 13 -1 12 -1 13 -1 16 -1 15 -1 18 -1 19 -1 22 -1 23 -1 27 -1 28 -1 29 -1 -2 
6 1 -1 4 -1 5 -1 4 -1 9 -1 13 -1 12 -1 13 -1 14 -1 13 -1 12 -1 13 -1 12 -1 13 -1 12 -1 13 -1 17 -1 16 -1 15 -1 18 -1 19 -1 20 -1 19 -1 22 -1 23 -1 27 -1 34 -1 -2 
6 1 -1 2 -1 1 -1 4 -1 5 -1 4 -1 3 -1 4 -1 6 -1 13 -1 14 -1 12 -1 13 -1 12 -1 13 -1 12 -1 13 -1 12 -1 13 -1 17 -1 15 -1 17 -1 16 -1 15 -1 18 -1 19 -1 18 -1 19 -1 20 -1 19 -1 20 -1 19 -1 22 -1 21 -1 22 -1 22 -1 21 -1 23 -1 22 -1 27 -1 28 -1 29 -1 28 -1 27 -1 30 -1 -2 
6 1 -1 5 -1 6 -1 11 -1 10 -1 9 -1 13 -1 12 -1 13 -1 14 -1 13 -1 12 -1 13 -1 12 -1 13 -1 17 -1 15 -1 16 -1 18 -1 19 -1 22 -1 21 -1 22 -1 21 -1 22 -1 27 -1 30 -1 37 -1 -2 
6 1 -1 6 -1 13 -1 12 -1 13 -1 12 -1 13 -1 16 -1 15 -1 18 -1 19 -1 22 -1 21 -1 22 -1 27 -1 28 -1 29 -1 38 -1 -2 
6 1 -1 13 -1 12 -1 13 -1 12 -1 13 -1 17 -1 15 -1 18 -1 19 -1 22 -1 21 -1 22 -1 21 -1 22 -1 27 -1 -2 
6 1 -1 2 -1 1 -1 3 -1 6 -1 11 -1 13 -1 12 -1 13 -1 12 -1 13 -1 12 -1 13 -1 12 -1 13 -1 12 -1 13 -1 12 -1 13 -1 12 -1 13 -1 12 -1 13 -1 12 -1 13 -1 12 -1 17 -1 15 -1 16 -1 17 -1 16 -1 15 -1 18 -1 19 -1 18 -1 19 -1 20 -1 19 -1 22 -1 21 -1 22 -1 21 -1 22 -1 27 -1 28 -1 27 -1 -2 
6 1 -1 6 -1 12 -1 13 -1 12 -1 13 -1 12 -1 13 -1 15 -1 18 -1 19 -1 22 -1 27 -1 30 -1 33 -1 -2 
6 1 -1 6 -1 13 -1 12 -1 13 -1 12 -1 13 -1 12 -1 13 -1 12 -1 13 -1 17 -1 15 -1 18 -1 19 -1 20 -1 19 -1 23 -1 21 -1 23 -1 22 -1 21 -1 22 -1 23 -1 27 -1 30 -1 -2 
6 1 -1 6 -1 9 -1 13 -1 12 -1 13 -1 12 -1 13 -1 12 -1 13 -1 15 -1 18 -1 19 -1 18 -1 19 -1 22 -1 23 -1 21 -1 22 -1 27 -1 28 -1 29 -1 30 -1 -2 
6 1 -1 9 -1 13 -1 12 -1 13 -1 12 -1 13 -1 12 -1 13 -1 17 -1 16 -1 15 -1 18 -1 19 -1 22 -1 21 -1 22 -1 21 -1 23 -1 22 -1 27 -1 28 -1 29 -1 -2 
6 1 -1 6 -1 13 -1 12 -1 13 -1 12 -1 13 -1 12 -1 17 -1 18 -1 19 -1 22 -1 21 -1 22 -1 21 -1 22 -1 27 -1 30 -1 -2 
6 1 -1 6 -1 11 -1 12 -1 13 -1 12 -1 13 -1 12 -1 13 -1 17 -1 15 -1 18 -1 19 -1 22 -1 23 -1 21 -1 22 -1 27 -1 28 -1 29 -1 40 -1 -2 
6 1 -1 5 -1 11 -1 13 -1 12 -1 13 -1 12 -1 13 -1 12 -1 17 -1 16 -1 15 -1 16 -1 16 -1 15 -1 18 -1 19 -1 22 -1 21 -1 22 -1 27 -1 41 -1 40 -1 39 -1 -2 
6 1 -1 5 -1 6 -1 9 -1 12 -1 13 -1 12 -1 13 -1 12 -1 15 -1 18 -1 19 -1 22 -1 21 -1 22 -1 22 -1 27 -1 28 -1 29 -1 41 -1 -2 
6 1 -1 6 -1 12 -1 13 -1 14 -1 13 -1 12 -1 13 -1 17 -1 15 -1 18 -1 19 -1 18 -1 19 -1 22 -1 21 -1 22 -1 27 -1 -2 
6 1 -1 5 -1 8 -1 13 -1 12 -1 13 -1 12 -1 13 -1 12 -1 13 -1 16 -1 18 -1 19 -1 22 -1 21 -1 22 -1 27 -1 -2 
6 1 -1 13 -1 12 -1 13 -1 14 -1 13 -1 12 -1 13 -1 12 -1 13 -1 12 -1 13 -1 12 -1 13 -1 17 -1 16 -1 15 -1 18 -1 19 -1 23 -1 21 -1 23 -1 22 -1 21 -1 22 -1 27 -1 -2 
6 1 -1 9 -1 13 -1 12 -1 13 -1 12 -1 13 -1 12 -1 13 -1 17 -1 15 -1 18 -1 19 -1 22 -1 22 -1 21 -1 22 -1 21 -1 22 -1 27 -1 40 -1 -2 
6 1 -1 5 -1 6 -1 11 -1 10 -1 9 -1 13 -1 12 -1 13 -1 12 -1 13 -1 12 -1 17 -1 15 -1 16 -1 18 -1 19 -1 27 -1 33 -1 40 -1 -2 
6 1 -1 5 -1 11 -1 10 -1 9 -1 12 -1 13 -1 12 -1 13 -1 12 -1 13 -1 15 -1 18 -1 19 -1 20 -1 19 -1 22 -1 21 -1 23 -1 22 -1 21 -1 22 -1 27 -1 -2 
6 1 -1 5 -1 6 -1 13 -1 12 -1 13 -1 12 -1 13 -1 15 -1 18 -1 19 -1 22 -1 21 -1 22 -1 27 -1 -2 
6 1 -1 5 -1 6 -1 11 -1 13 -1 12 -1 13 -1 12 -1 13 -1 12 -1 15 -1 16 -1 18 -1 19 -1 22 -1 23 -1 22 -1 21 -1 22 -1 27 -1 33 -1 -2 
6 1 -1 9 -1 12 -1 13 -1 12 -1 13 -1 12 -1 13 -1 12 -1 13 -1 15 -1 18 -1 19 -1 27 -1 -2 
6 1 -1 2 -1 1 -1 2 -1 1 -1 6 -1 7 -1 6 -1 11 -1 13 -1 12 -1 13 -1 12 -1 13 -1 12 -1 13 -1 12 -1 13 -1 12 -1 13 -1 12 -1 13 -1 12 -1 13 -1 12 -1 13 -1 12 -1 13 -1 12 -1 13 -1 12 -1 16 -1 15 -1 16 -1 17 -1 15 -1 16 -1 18 -1 19 -1 18 -1 19 -1 18 -1 19 -1 22 -1 21 -1 22 -1 21 -1 22 -1 21 -1 22 -1 21 -1 23 -1 22 -1 21 -1 22 -1 23 -1 24 -1 27 -1 28 -1 27 -1 28 -1 27 -1 37 -1 40 -1 40 -1 39 -1 -2 
6 1 -1 6 -1 11 -1 12 -1 13 -1 12 -1 13 -1 12 -1 13 -1 17 -1 16 -1 15 -1 16 -1 18 -1 19 -1 23 -1 21 -1 22 -1 27 -1 30 -1 40 -1 -2 
6 1 -1 11 -1 10 -1 9 -1 13 -1 12 -1 13 -1 12 -1 13 -1 15 -1 16 -1 18 -1 19 -1 22 -1 27 -1 40 -1 39 -1 -2 
6 1 -1 6 -1 11 -1 10 -1 9 -1 13 -1 12 -1 13 -1 12 -1 13 -1 12 -1 13 -1 17 -1 15 -1 18 -1 19 -1 22 -1 21 -1 22 -1 27 -1 -2 
6 1 -1 6 -1 9 -1 13 -1 12 -1 13 -1 12 -1 13 -1 12 -1 13 -1 12 -1 13 -1 17 -1 15 -1 16 -1 18 -1 19 -1 22 -1 27 -1 28 -1 29 -1 -2 
6 1 -1 13 -1 12 -1 13 -1 12 -1 13 -1 12 -1 13 -1 16 -1 15 -1 17 -1 18 -1 19 -1 18 -1 19 -1 20 -1 19 -1 22 -1 21 -1 22 -1 27 -1 -2 
6 1 -1 5 -1 13 -1 12 -1 13 -1 12 -1 13 -1 12 -1 13 -1 16 -1 15 -1 18 -1 19 -1 22 -1 21 -1 22 -1 27 -1 -2 
6 1 -1 5 -1 9 -1 13 -1 12 -1 13 -1 12 -1 13 -1 12 -1 16 -1 15 -1 18 -1 19 -1 22 -1 21 -1 22 -1 23 -1 21 -1 22 -1 21 -1 23 -1 22 -1 27 -1 28 -1 29 -1 -2 
6 1 -1 9 -1 12 -1 13 -1 12 -1 13 -1 12 -1 13 -1 12 -1 13 -1 15 -1 18 -1 19 -1 20 -1 19 -1 22 -1 21 -1 22 -1 23 -1 27 -1 28 -1 29 -1 33 -1 -2 
6 1 -1 5 -1 4 -1 9 -1 13 -1 12 -1 13 -1 12 -1 13 -1 12 -1 13 -1 17 -1 15 -1 18 -1 19 -1 22 -1 21 -1 22 -1 27 -1 33 -1 -2 
6 1 -1 13 -1 12 -1 13 -1 12 -1 13 -1 12 -1 13 -1 15 -1 18 -1 19 -1 22 -1 23 -1 24 -1 27 -1 37 -1 -2 
6 1 -1 5 -1 13 -1 12 -1 13 -1 12 -1 13 -1 12 -1 13 -1 17 -1 15 -1 16 -1 18 -1 19 -1 20 -1 19 -1 22 -1 23 -1 21 -1 22 -1 21 -1 22 -1 24 -1 27 -1 -2 
6 1 -1 6 -1 13 -1 12 -1 13 -1 12 -1 13 -1 12 -1 16 -1 17 -1 15 -1 18 -1 19 -1 18 -1 19 -1 20 -1 19 -1 20 -1 19 -1 22 -1 23 -1 21 -1 23 -1 22 -1 21 -1 22 -1 24 -1 27 -1 -2 
6 1 -1 5 -1 4 -1 11 -1 12 -1 13 -1 12 -1 13 -1 12 -1 13 -1 17 -1 15 -1 16 -1 15 -1 18 -1 19 -1 22 -1 21 -1 22 -1 27 -1 28 -1 -2 
6 1 -1 2 -1 1 -1 5 -1 6 -1 13 -1 12 -1 13 -1 12 -1 13 -1 12 -1 13 -1 12 -1 13 -1 12 -1 13 -1 15 -1 16 -1 15 -1 16 -1 17 -1 15 -1 16 -1 18 -1 19 -1 18 -1 19 -1 23 -1 22 -1 21 -1 22 -1 27 -1 28 -1 27 -1 28 -1 29 -1 -2 
6 1 -1 5 -1 13 -1 12 -1 13 -1 12 -1 13 -1 12 -1 13 -1 15 -1 16 -1 18 -1 19 -1 22 -1 21 -1 22 -1 21 -1 22 -1 27 -1 -2 
6 1 -1 2 -1 1 -1 13 -1 12 -1 13 -1 12 -1 13 -1 12 -1 13 -1 12 -1 13 -1 12 -1 13 -1 12 -1 13 -1 12 -1 13 -1 15 -1 16 -1 17 -1 15 -1 18 -1 19 -1 20 -1 19 -1 18 -1 19 -1 22 -1 21 -1 22 -1 21 -1 22 -1 27 -1 28 -1 29 -1 28 -1 27 -1 -2 
6 1 -1 6 -1 13 -1 12 -1 13 -1 12 -1 13 -1 12 -1 13 -1 15 -1 16 -1 18 -1 19 -1 22 -1 27 -1 -2 
6 1 -1 2 -1 1 -1 2 -1 1 -1 2 -1 1 -1 2 -1 1 -1 5 -1 4 -1 7 -1 6 -1 9 -1 10 -1 9 -1 10 -1 9 -1 10 -1 9 -1 13 -1 12 -1 13 -1 12 -1 13 -1 12 -1 13 -1 12 -1 13 -1 12 -1 13 -1 12 -1 13 -1 12 -1 13 -1 12 -1 13 -1 12 -1 13 -1 12 -1 13 -1 12 -1 13 -1 12 -1 13 -1 12 -1 13 -1 12 -1 13 -1 12 -1 13 -1 12 -1 13 -1 12 -1 13 -1 12 -1 13 -1 15 -1 17 -1 15 -1 16 -1 17 -1 15 -1 16 -1 17 -1 15 -1 16 -1 17 -1 15 -1 18 -1 19 -1 18 -1 19 -1 18 -1 19 -1 18 -1 19 -1 18 -1 19 -1 22 -1 23 -1 21 -1 22 -1 21 -1 22 -1 21 -1 23 -1 22 -1 21 -1 22 -1 21 -1 22 -1 23 -1 22 -1 21 -1 22 -1 21 -1 23 -1 22 -1 21 -1 23 -1 22 -1 21 -1 22 -1 27 -1 28 -1 27 -1 28 -1 27 -1 28 -1 29 -1 28 -1 27 -1 28 -1 27 -1 37 -1 37 -1 37 -1 39 -1 40 -1 -2 
6 1 -1 9 -1 13 -1 12 -1 13 -1 12 -1 13 -1 12 -1 13 -1 12 -1 13 -1 15 -1 18 -1 19 -1 22 -1 21 -1 22 -1 21 -1 22 -1 27 -1 -2 
6 1 -1 13 -1 12 -1 13 -1 12 -1 13 -1 15 -1 18 -1 19 -1 18 -1 19 -1 22 -1 21 -1 22 -1 27 -1 -2 
6 1 -1 6 -1 13 -1 12 -1 13 -1 12 -1 13 -1 15 -1 18 -1 19 -1 23 -1 21 -1 22 -1 27 -1 32 -1 -2 
6 1 -1 6 -1 13 -1 12 -1 13 -1 12 -1 13 -1 12 -1 13 -1 15 -1 16 -1 18 -1 19 -1 20 -1 19 -1 22 -1 21 -1 22 -1 27 -1 37 -1 -2 
6 1 -1 5 -1 13 -1 12 -1 13 -1 12 -1 13 -1 12 -1 13 -1 16 -1 15 -1 18 -1 19 -1 22 -1 23 -1 22 -1 21 -1 23 -1 22 -1 27 -1 40 -1 39 -1 -2 
6 1 -1 13 -1 12 -1 13 -1 12 -1 13 -1 12 -1 13 -1 15 -1 16 -1 18 -1 19 -1 18 -1 19 -1 22 -1 21 -1 22 -1 27 -1 28 -1 29 -1 -2 
6 1 -1 13 -1 12 -1 13 -1 12 -1 13 -1 16 -1 15 -1 18 -1 19 -1 22 -1 27 -1 -2 
6 1 -1 5 -1 11 -1 13 -1 12 -1 13 -1 12 -1 13 -1 12 -1 13 -1 15 -1 16 -1 15 -1 16 -1 18 -1 19 -1 20 -1 19 -1 22 -1 23 -1 22 -1 21 -1 22 -1 27 -1 28 -1 29 -1 39 -1 -2 
6 1 -1 13 -1 12 -1 13 -1 12 -1 13 -1 15 -1 18 -1 19 -1 27 -1 -2 
6 1 -1 13 -1 12 -1 13 -1 12 -1 13 -1 15 -1 16 -1 18 -1 19 -1 27 -1 -2 
6 1 -1 2 -1 1 -1 2 -1 1 -1 5 -1 4 -1 3 -1 5 -1 6 -1 9 -1 10 -1 9 -1 13 -1 12 -1 13 -1 12 -1 13 -1 12 -1 13 -1 12 -1 13 -1 12 -1 13 -1 12 -1 13 -1 12 -1 13 -1 15 -1 16 -1 17 -1 16 -1 15 -1 17 -1 15 -1 16 -1 18 -1 19 -1 18 -1 19 -1 18 -1 19 -1 18 -1 19 -1 22 -1 21 -1 22 -1 21 -1 22 -1 21 -1 22 -1 21 -1 22 -1 24 -1 27 -1 28 -1 29 -1 28 -1 27 -1 28 -1 27 -1 37 -1 39 -1 -2 
6 1 -1 6 -1 13 -1 12 -1 13 -1 12 -1 13 -1 16 -1 15 -1 17 -1 18 -1 19 -1 22 -1 21 -1 22 -1 21 -1 22 -1 27 -1 -2 
6 1 -1 2 -1 1 -1 13 -1 12 -1 13 -1 12 -1 13 -1 12 -1 13 -1 12 -1 13 -1 12 -1 13 -1 12 -1 13 -1 15 -1 17 -1 15 -1 17 -1 15 -1 18 -1 19 -1 18 -1 19 -1 18 -1 19 -1 22 -1 21 -1 22 -1 21 -1 22 -1 21 -1 22 -1 27 -1 28 -1 27 -1 28 -1 29 -1 37 -1 -2 
6 1 -1 9 -1 13 -1 12 -1 13 -1 12 -1 13 -1 17 -1 15 -1 18 -1 19 -1 23 -1 22 -1 21 -1 22 -1 21 -1 22 -1 27 -1 40 -1 39 -1 -2 
6 1 -1 9 -1 13 -1 12 -1 13 -1 12 -1 13 -1 17 -1 15 -1 18 -1 19 -1 20 -1 19 -1 23 -1 22 -1 21 -1 22 -1 27 -1 40 -1 40 -1 -2 
6 1 -1 9 -1 13 -1 12 -1 13 -1 12 -1 13 -1 12 -1 15 -1 18 -1 19 -1 23 -1 22 -1 21 -1 22 -1 26 -1 27 -1 28 -1 29 -1 40 -1 -2 
6 1 -1 2 -1 1 -1 5 -1 9 -1 12 -1 13 -1 12 -1 13 -1 12 -1 13 -1 12 -1 13 -1 12 -1 13 -1 15 -1 16 -1 15 -1 18 -1 19 -1 20 -1 19 -1 18 -1 19 -1 18 -1 19 -1 22 -1 21 -1 22 -1 21 -1 22 -1 27 -1 28 -1 27 -1 -2 
6 1 -1 13 -1 12 -1 13 -1 15 -1 18 -1 19 -1 23 -1 22 -1 21 -1 22 -1 27 -1 -2 
6 1 -1 13 -1 12 -1 13 -1 17 -1 15 -1 18 -1 22 -1 21 -1 22 -1 27 -1 28 -1 -2 
6 1 -1 2 -1 1 -1 13 -1 12 -1 13 -1 12 -1 13 -1 12 -1 13 -1 15 -1 16 -1 17 -1 15 -1 18 -1 19 -1 18 -1 19 -1 18 -1 19 -1 23 -1 22 -1 27 -1 28 -1 27 -1 -2 
6 1 -1 2 -1 1 -1 13 -1 12 -1 13 -1 12 -1 13 -1 12 -1 13 -1 15 -1 16 -1 15 -1 18 -1 19 -1 18 -1 19 -1 22 -1 21 -1 22 -1 27 -1 28 -1 27 -1 34 -1 -2 
6 1 -1 13 -1 12 -1 13 -1 12 -1 13 -1 15 -1 16 -1 18 -1 19 -1 22 -1 21 -1 22 -1 27 -1 28 -1 29 -1 -2 
6 1 -1 13 -1 12 -1 13 -1 12 -1 13 -1 15 -1 16 -1 18 -1 19 -1 20 -1 19 -1 22 -1 21 -1 22 -1 27 -1 -2 
6 1 -1 4 -1 13 -1 12 -1 13 -1 12 -1 13 -1 15 -1 16 -1 18 -1 19 -1 20 -1 19 -1 22 -1 26 -1 27 -1 -2 
